SEQNR,	LATITUDE,	LONGITUDE,	TIMESTAMP
0,	50.09147,	8.64314,	2018-10-30T14:15:55.499Z
1,	50.08957,	8.63909,	2018-10-30T14:16:16.499Z
2,	50.08797,	8.62271,	2018-10-30T14:17:39.499Z
3,	50.07908,	8.61701,	2018-10-30T14:19:25.499Z
4,	50.06699,	8.611,	2018-10-30T14:20:11.499Z
5,	50.05963,	8.60735,	2018-10-30T14:20:43.499Z
6,	50.05672,	8.6059,	2018-10-30T14:20:58.499Z
7,	50.04786,	8.60149,	2018-10-30T14:21:36.499Z
8,	50.03986,	8.5975,	2018-10-30T14:22:09.499Z
9,	50.0315,	8.59374,	2018-10-30T14:22:42.499Z
10,	50.02728,	8.59272,	2018-10-30T14:22:55.499Z
11,	50.01769,	8.59299,	2018-10-30T14:23:26.499Z
12,	50.01266,	8.5941,	2018-10-30T14:23:42.499Z
13,	50.00588,	8.59572,	2018-10-30T14:24:04.499Z
14,	49.99963,	8.59722,	2018-10-30T14:24:29.499Z
15,	49.98876,	8.59982,	2018-10-30T14:25:04.499Z
16,	49.98403,	8.60095,	2018-10-30T14:25:21.499Z
17,	49.97965,	8.60196,	2018-10-30T14:25:36.499Z
18,	49.97582,	8.60291,	2018-10-30T14:25:51.499Z
19,	49.96489,	8.60551,	2018-10-30T14:26:30.499Z
20,	49.95737,	8.60729,	2018-10-30T14:26:55.499Z
21,	49.95425,	8.60805,	2018-10-30T14:27:06.499Z
22,	49.95053,	8.60895,	2018-10-30T14:27:19.499Z
23,	49.94404,	8.61049,	2018-10-30T14:27:45.499Z
24,	49.93871,	8.61177,	2018-10-30T14:28:04.499Z
25,	49.93317,	8.61287,	2018-10-30T14:28:25.499Z
26,	49.92893,	8.61301,	2018-10-30T14:28:40.499Z
27,	49.92225,	8.6118,	2018-10-30T14:29:05.499Z
28,	49.91681,	8.60993,	2018-10-30T14:29:25.499Z
29,	49.91079,	8.60825,	2018-10-30T14:29:47.499Z
30,	49.90418,	8.60693,	2018-10-30T14:30:16.499Z
31,	49.89857,	8.60577,	2018-10-30T14:30:38.499Z
32,	49.88517,	8.6032,	2018-10-30T14:31:25.499Z
33,	49.88287,	8.60282,	2018-10-30T14:31:33.499Z
34,	49.87909,	8.6022,	2018-10-30T14:31:47.499Z
35,	49.87117,	8.60083,	2018-10-30T14:32:21.499Z
36,	49.83756,	8.59371,	2018-10-30T14:34:49.499Z
37,	49.834,	8.59247,	2018-10-30T14:35:03.499Z
38,	49.82179,	8.58442,	2018-10-30T14:35:51.499Z
39,	49.81884,	8.58244,	2018-10-30T14:36:03.499Z
40,	49.81611,	8.5806,	2018-10-30T14:36:13.499Z
41,	49.8109,	8.5771,	2018-10-30T14:36:36.499Z
42,	49.80261,	8.57155,	2018-10-30T14:37:09.499Z
43,	49.79309,	8.56513,	2018-10-30T14:37:48.499Z
44,	49.78379,	8.55761,	2018-10-30T14:38:24.499Z
45,	49.77779,	8.55247,	2018-10-30T14:38:48.499Z
46,	49.76894,	8.54537,	2018-10-30T14:39:22.499Z
47,	49.76099,	8.54375,	2018-10-30T14:39:49.499Z
48,	49.75751,	8.54364,	2018-10-30T14:40:01.499Z
49,	49.7479,	8.54337,	2018-10-30T14:40:33.499Z
50,	49.72532,	8.54276,	2018-10-30T14:41:56.499Z
51,	49.71882,	8.54374,	2018-10-30T14:42:19.499Z
52,	49.71088,	8.54583,	2018-10-30T14:42:46.499Z
53,	49.7054,	8.54727,	2018-10-30T14:43:04.499Z
54,	49.70255,	8.54804,	2018-10-30T14:43:14.499Z
55,	49.69962,	8.54883,	2018-10-30T14:43:24.499Z
56,	49.69626,	8.54971,	2018-10-30T14:43:40.499Z
57,	49.68195,	8.55349,	2018-10-30T14:44:29.499Z
58,	49.67903,	8.55423,	2018-10-30T14:44:40.499Z
59,	49.67134,	8.55569,	2018-10-30T14:45:06.499Z
60,	49.66628,	8.55541,	2018-10-30T14:45:24.499Z
61,	49.66001,	8.55366,	2018-10-30T14:45:50.499Z
62,	49.64767,	8.55199,	2018-10-30T14:46:40.499Z
63,	49.64143,	8.55294,	2018-10-30T14:47:04.499Z
64,	49.62777,	8.55506,	2018-10-30T14:47:53.499Z
65,	49.60674,	8.5583,	2018-10-30T14:48:57.499Z
66,	49.60158,	8.55912,	2018-10-30T14:49:13.499Z
67,	49.59446,	8.56022,	2018-10-30T14:49:40.499Z
68,	49.59028,	8.56061,	2018-10-30T14:49:54.499Z
69,	49.58726,	8.56067,	2018-10-30T14:50:04.499Z
70,	49.57338,	8.55953,	2018-10-30T14:50:48.499Z
71,	49.56664,	8.55892,	2018-10-30T14:51:10.499Z
72,	49.56134,	8.55846,	2018-10-30T14:51:29.499Z
73,	49.5502,	8.55861,	2018-10-30T14:52:06.499Z
74,	49.54785,	8.55871,	2018-10-30T14:52:14.499Z
75,	49.5407,	8.55903,	2018-10-30T14:52:38.499Z
76,	49.53145,	8.55948,	2018-10-30T14:53:07.499Z
77,	49.52346,	8.55986,	2018-10-30T14:53:37.499Z
78,	49.5202,	8.56001,	2018-10-30T14:53:48.499Z
79,	49.50629,	8.56062,	2018-10-30T14:54:38.499Z
80,	49.48717,	8.54944,	2018-10-30T14:55:45.499Z
81,	49.48128,	8.54514,	2018-10-30T14:56:07.499Z
82,	49.47686,	8.54342,	2018-10-30T14:56:22.499Z
83,	49.47217,	8.54184,	2018-10-30T14:56:39.499Z
84,	49.46585,	8.53968,	2018-10-30T14:57:04.499Z
85,	49.46179,	8.5394,	2018-10-30T14:57:17.499Z
86,	49.4569,	8.54089,	2018-10-30T14:57:36.499Z
87,	49.44703,	8.54172,	2018-10-30T14:58:13.499Z
88,	49.438,	8.54014,	2018-10-30T14:58:44.499Z
89,	49.42678,	8.54304,	2018-10-30T14:59:23.499Z
90,	49.42429,	8.5444,	2018-10-30T14:59:32.499Z
91,	49.42169,	8.54584,	2018-10-30T14:59:42.499Z
92,	49.41743,	8.54749,	2018-10-30T14:59:57.499Z
93,	49.40545,	8.54597,	2018-10-30T15:00:58.499Z
94,	49.39501,	8.54397,	2018-10-30T15:01:37.499Z
95,	49.38482,	8.5437,	2018-10-30T15:02:13.499Z
96,	49.38204,	8.54378,	2018-10-30T15:02:23.499Z
97,	49.3707,	8.54477,	2018-10-30T15:03:07.499Z
98,	49.36756,	8.54526,	2018-10-30T15:03:18.499Z
99,	49.35718,	8.54831,	2018-10-30T15:03:56.499Z
100,	49.35423,	8.54966,	2018-10-30T15:04:06.499Z
101,	49.34148,	8.55608,	2018-10-30T15:04:53.499Z
102,	49.33571,	8.55833,	2018-10-30T15:05:14.499Z
103,	49.33197,	8.56003,	2018-10-30T15:05:27.499Z
104,	49.32868,	8.56206,	2018-10-30T15:05:41.499Z
105,	49.31931,	8.57102,	2018-10-30T15:06:23.499Z
106,	49.31331,	8.57882,	2018-10-30T15:06:50.499Z
107,	49.31043,	8.58224,	2018-10-30T15:07:02.499Z
108,	49.30532,	8.58766,	2018-10-30T15:07:23.499Z
109,	49.30091,	8.59179,	2018-10-30T15:07:41.499Z
110,	49.29734,	8.59516,	2018-10-30T15:07:59.499Z
111,	49.29179,	8.60143,	2018-10-30T15:08:21.499Z
112,	49.28776,	8.6072,	2018-10-30T15:08:41.499Z
113,	49.28516,	8.61162,	2018-10-30T15:08:56.499Z
114,	49.27835,	8.627,	2018-10-30T15:29:42.499Z
115,	49.27574,	8.63525,	2018-10-30T15:30:04.499Z
116,	49.2737,	8.6434,	2018-10-30T15:30:22.499Z
117,	49.27189,	8.65666,	2018-10-30T15:30:56.499Z
118,	49.27179,	8.66344,	2018-10-30T15:31:11.499Z
119,	49.27237,	8.67136,	2018-10-30T15:31:29.499Z
120,	49.27442,	8.68325,	2018-10-30T15:32:01.499Z
121,	49.27497,	8.68685,	2018-10-30T15:32:10.499Z
122,	49.27784,	8.70552,	2018-10-30T15:33:09.499Z
123,	49.2807,	8.71783,	2018-10-30T15:33:48.499Z
124,	49.28015,	8.7235,	2018-10-30T15:34:05.499Z
125,	49.27614,	8.73558,	2018-10-30T15:34:45.499Z
126,	49.27493,	8.74291,	2018-10-30T15:35:06.499Z
127,	49.27577,	8.75728,	2018-10-30T15:35:48.499Z
128,	49.27382,	8.76478,	2018-10-30T15:36:15.499Z
129,	49.2703,	8.77391,	2018-10-30T15:36:47.499Z
130,	49.26793,	8.78285,	2018-10-30T15:37:14.499Z
131,	49.26546,	8.79598,	2018-10-30T15:37:50.499Z
132,	49.26177,	8.80567,	2018-10-30T15:38:20.499Z
133,	49.25992,	8.81218,	2018-10-30T15:38:40.499Z
134,	49.25896,	8.81715,	2018-10-30T15:38:54.499Z
135,	49.25602,	8.83669,	2018-10-30T15:39:49.499Z
136,	49.25425,	8.84198,	2018-10-30T15:40:04.499Z
137,	49.25134,	8.84977,	2018-10-30T15:40:27.499Z
138,	49.24607,	8.86443,	2018-10-30T15:41:09.499Z
139,	49.24482,	8.86953,	2018-10-30T15:41:21.499Z
140,	49.24419,	8.87321,	2018-10-30T15:41:29.499Z
141,	49.24266,	8.88242,	2018-10-30T15:41:55.499Z
142,	49.23451,	8.90094,	2018-10-30T15:42:50.499Z
143,	49.23129,	8.90467,	2018-10-30T15:43:04.499Z
144,	49.22705,	8.91719,	2018-10-30T15:43:37.499Z
145,	49.2259,	8.93041,	2018-10-30T15:44:10.499Z
146,	49.22655,	8.93623,	2018-10-30T15:44:23.499Z
147,	49.22624,	8.94281,	2018-10-30T15:44:38.499Z
148,	49.22535,	8.94597,	2018-10-30T15:44:46.499Z
149,	49.22373,	8.95198,	2018-10-30T15:45:01.499Z
150,	49.22239,	8.96258,	2018-10-30T15:45:24.499Z
151,	49.22225,	8.96721,	2018-10-30T15:45:34.499Z
152,	49.21614,	9.00848,	2018-10-30T15:47:07.499Z
153,	49.2144,	9.01984,	2018-10-30T15:47:32.499Z
154,	49.21394,	9.02425,	2018-10-30T15:47:42.499Z
155,	49.2135,	9.03619,	2018-10-30T15:48:09.499Z
156,	49.21467,	9.06145,	2018-10-30T15:49:03.499Z
157,	49.21361,	9.06654,	2018-10-30T15:49:15.499Z
158,	49.21258,	9.06977,	2018-10-30T15:49:26.499Z
159,	49.20311,	9.08481,	2018-10-30T15:50:24.499Z
160,	49.19729,	9.09673,	2018-10-30T15:51:02.499Z
161,	49.18765,	9.12135,	2018-10-30T15:52:20.499Z
162,	49.18623,	9.12834,	2018-10-30T15:52:39.499Z
163,	49.18616,	9.13407,	2018-10-30T15:52:54.499Z
164,	49.18658,	9.13767,	2018-10-30T15:53:02.499Z
165,	49.18775,	9.14459,	2018-10-30T15:53:22.499Z
166,	49.18802,	9.14816,	2018-10-30T15:53:32.499Z
167,	49.18924,	9.1756,	2018-10-30T15:54:51.499Z
168,	49.1881,	9.18863,	2018-10-30T15:55:27.499Z
169,	49.18715,	9.19358,	2018-10-30T15:55:41.499Z
170,	49.18462,	9.21224,	2018-10-30T15:56:37.499Z
171,	49.18231,	9.22379,	2018-10-30T15:57:10.499Z
172,	49.17904,	9.23342,	2018-10-30T15:57:43.499Z
173,	49.17432,	9.24339,	2018-10-30T15:58:16.499Z
174,	49.16404,	9.27285,	2018-10-30T15:59:54.499Z
175,	49.16207,	9.2794,	2018-10-30T16:00:12.499Z
176,	49.15858,	9.29079,	2018-10-30T16:00:47.499Z
177,	49.15415,	9.299,	2018-10-30T16:01:15.499Z
178,	49.13756,	9.30546,	2018-10-30T16:02:23.499Z
179,	49.12318,	9.30012,	2018-10-30T16:03:18.499Z
180,	49.10432,	9.3005,	2018-10-30T16:04:24.499Z
181,	49.10045,	9.29656,	2018-10-30T16:04:38.499Z
182,	49.09437,	9.2927,	2018-10-30T16:04:59.499Z
183,	49.09076,	9.29175,	2018-10-30T16:05:11.499Z
184,	49.08844,	9.29116,	2018-10-30T16:05:18.499Z
185,	49.07544,	9.28442,	2018-10-30T16:06:08.499Z
186,	49.06537,	9.27597,	2018-10-30T16:06:44.499Z
187,	49.06304,	9.27319,	2018-10-30T16:06:54.499Z
188,	49.05867,	9.26909,	2018-10-30T16:07:16.499Z
189,	49.05462,	9.26816,	2018-10-30T16:07:30.499Z
190,	49.04911,	9.26714,	2018-10-30T16:07:48.499Z
191,	49.04446,	9.26342,	2018-10-30T16:08:09.499Z
192,	49.03435,	9.25423,	2018-10-30T16:08:51.499Z
193,	49.02918,	9.25314,	2018-10-30T16:09:08.499Z
194,	49.02446,	9.25056,	2018-10-30T16:09:25.499Z
195,	49.01902,	9.24734,	2018-10-30T16:09:44.499Z
196,	49.01528,	9.24657,	2018-10-30T16:09:56.499Z
197,	49.00972,	9.24269,	2018-10-30T16:10:16.499Z
198,	48.99384,	9.23271,	2018-10-30T16:11:21.499Z
199,	48.97519,	9.22942,	2018-10-30T16:12:28.499Z
200,	48.966,	9.22369,	2018-10-30T16:13:01.499Z
201,	48.96293,	9.22098,	2018-10-30T16:13:13.499Z
202,	48.94785,	9.20029,	2018-10-30T16:14:25.499Z
203,	48.94457,	9.19713,	2018-10-30T16:14:38.499Z
204,	48.93758,	9.19115,	2018-10-30T16:15:04.499Z
205,	48.93353,	9.18627,	2018-10-30T16:15:22.499Z
206,	48.93086,	9.17945,	2018-10-30T16:15:39.499Z
207,	48.92611,	9.16498,	2018-10-30T16:36:15.499Z
208,	48.92164,	9.15838,	2018-10-30T16:36:36.499Z
209,	48.9109,	9.15436,	2018-10-30T16:37:18.499Z
210,	48.90562,	9.15438,	2018-10-30T16:37:37.499Z
211,	48.90208,	9.15412,	2018-10-30T16:37:49.499Z
212,	48.89253,	9.1494,	2018-10-30T16:38:24.499Z
213,	48.88665,	9.14631,	2018-10-30T16:38:45.499Z
214,	48.87394,	9.13761,	2018-10-30T16:39:37.499Z
215,	48.87148,	9.13548,	2018-10-30T16:39:47.499Z
216,	48.86737,	9.13196,	2018-10-30T16:40:03.499Z
217,	48.86311,	9.12843,	2018-10-30T16:40:20.499Z
218,	48.85882,	9.12567,	2018-10-30T16:40:36.499Z
219,	48.8458,	9.13007,	2018-10-30T16:42:39.499Z
220,	48.84005,	9.14103,	2018-10-30T16:43:27.499Z
221,	48.84039,	9.15151,	2018-10-30T16:44:01.499Z
222,	48.83782,	9.16851,	2018-10-30T16:45:48.499Z
