SEQNR,	LATITUDE,	LONGITUDE,	TIMESTAMP
0,	50.05246,	8.62403,	2018-10-09T14:15:48.194Z
1,	50.0538,	8.58633,	2018-10-09T14:17:13.194Z
2,	50.05135,	8.56377,	2018-10-09T14:18:06.194Z
3,	50.04929,	8.55352,	2018-10-09T14:18:30.194Z
4,	50.0392,	8.525,	2018-10-09T14:19:54.194Z
5,	50.01642,	8.49637,	2018-10-09T14:22:20.194Z
6,	49.99563,	8.47204,	2018-10-09T14:23:54.194Z
7,	49.97746,	8.45546,	2018-10-09T14:25:15.194Z
8,	49.97484,	8.42032,	2018-10-09T14:26:36.194Z
9,	49.97936,	8.34945,	2018-10-09T14:29:21.194Z
10,	49.98148,	8.33531,	2018-10-09T14:30:01.194Z
11,	49.97566,	8.3237,	2018-10-09T14:30:41.194Z
12,	49.95376,	8.2272,	2018-10-09T14:36:17.194Z
13,	49.93897,	8.20353,	2018-10-09T14:37:43.194Z
14,	49.92208,	8.1958,	2018-10-09T14:38:45.194Z
15,	49.8711,	8.16362,	2018-10-09T14:42:02.194Z
16,	49.85621,	8.15101,	2018-10-09T14:43:02.194Z
17,	49.84753,	8.14655,	2018-10-09T14:43:34.194Z
18,	49.82435,	8.14314,	2018-10-09T14:45:07.194Z
19,	49.80723,	8.14415,	2018-10-09T14:46:19.194Z
20,	49.79708,	8.14206,	2018-10-09T14:47:02.194Z
21,	49.7829,	8.12614,	2018-10-09T14:48:17.194Z
22,	49.75042,	8.08636,	2018-10-09T14:50:52.194Z
23,	49.72921,	8.08106,	2018-10-09T14:52:08.194Z
24,	49.72018,	8.07703,	2018-10-09T14:52:41.194Z
25,	49.70677,	8.06286,	2018-10-09T14:53:38.194Z
26,	49.69955,	8.05347,	2018-10-09T14:54:11.194Z
27,	49.68917,	8.04,	2018-10-09T14:54:59.194Z
28,	49.67334,	8.02572,	2018-10-09T14:56:04.194Z
29,	49.6507,	8.02965,	2018-10-09T14:57:26.194Z
30,	49.62669,	8.03084,	2018-10-09T14:58:52.194Z
31,	49.62208,	8.02758,	2018-10-09T14:59:10.194Z
32,	49.61506,	8.01934,	2018-10-09T14:59:41.194Z
33,	49.60943,	8.00814,	2018-10-09T15:00:13.194Z
34,	49.59951,	7.98181,	2018-10-09T15:01:23.194Z
35,	49.59599,	7.97235,	2018-10-09T15:01:48.194Z
36,	49.58025,	7.92765,	2018-10-09T15:03:45.194Z
37,	49.57294,	7.90287,	2018-10-09T15:04:49.194Z
38,	49.56356,	7.89677,	2018-10-09T15:05:25.194Z
39,	49.55892,	7.8903,	2018-10-09T15:05:47.194Z
40,	49.55589,	7.87608,	2018-10-09T15:06:21.194Z
41,	49.54397,	7.85583,	2018-10-09T15:07:26.194Z
42,	49.5258,	7.84542,	2018-10-09T15:08:36.194Z
43,	49.51746,	7.84617,	2018-10-09T15:09:06.194Z
44,	49.47944,	7.8351,	2018-10-09T15:11:23.194Z
45,	49.46906,	7.82507,	2018-10-09T15:12:08.194Z
46,	49.46231,	7.82047,	2018-10-09T15:12:41.194Z
47,	49.44921,	7.71839,	2018-10-09T15:17:03.194Z
48,	49.44331,	7.66515,	2018-10-09T15:19:09.194Z
49,	49.43645,	7.63808,	2018-10-09T15:20:16.194Z
50,	49.42522,	7.61417,	2018-10-09T15:21:24.194Z
51,	49.42054,	7.58936,	2018-10-09T15:22:25.194Z
52,	49.42083,	7.57915,	2018-10-09T15:22:48.194Z
53,	49.42142,	7.57041,	2018-10-09T15:23:09.194Z
54,	49.42005,	7.54113,	2018-10-09T15:24:17.194Z
55,	49.41508,	7.52119,	2018-10-09T15:25:06.194Z
56,	49.41168,	7.50942,	2018-10-09T15:25:36.194Z
57,	49.40814,	7.49711,	2018-10-09T15:26:07.194Z
58,	49.40139,	7.47374,	2018-10-09T15:27:05.194Z
59,	49.39093,	7.44339,	2018-10-09T15:28:24.194Z
60,	49.37691,	7.40935,	2018-10-09T15:29:57.194Z
61,	49.37313,	7.38957,	2018-10-09T15:30:44.194Z
62,	49.37266,	7.38143,	2018-10-09T15:31:03.194Z
63,	49.37204,	7.37131,	2018-10-09T15:31:26.194Z
64,	49.36049,	7.33716,	2018-10-09T15:32:56.194Z
65,	49.35326,	7.32296,	2018-10-09T15:33:37.194Z
66,	49.34933,	7.31525,	2018-10-09T15:33:59.194Z
67,	49.32394,	7.27085,	2018-10-09T15:36:15.194Z
68,	49.31713,	7.26276,	2018-10-09T15:36:45.194Z
69,	49.3017,	7.24253,	2018-10-09T15:37:57.194Z
70,	49.29326,	7.21076,	2018-10-09T15:39:16.194Z
71,	49.28576,	7.1853,	2018-10-09T15:40:20.194Z
72,	49.27262,	7.16083,	2018-10-09T15:41:38.194Z
73,	49.27134,	7.14278,	2018-10-09T15:42:20.194Z
74,	49.26602,	7.12612,	2018-10-09T15:43:04.194Z
75,	49.26089,	7.1059,	2018-10-09T15:43:57.194Z
76,	49.25412,	7.09365,	2018-10-09T15:44:34.194Z
77,	49.21144,	7.00351,	2018-10-09T15:49:58.194Z
78,	49.16511,	6.87223,	2018-10-09T15:56:51.194Z
79,	49.16314,	6.85976,	2018-10-09T15:57:21.194Z
80,	49.14459,	6.82107,	2018-10-09T15:59:16.194Z
81,	49.13721,	6.76723,	2018-10-09T16:01:41.194Z
82,	49.13478,	6.72955,	2018-10-09T16:03:12.194Z
83,	49.13618,	6.71956,	2018-10-09T16:03:37.194Z
84,	49.13262,	6.66561,	2018-10-09T16:05:58.194Z
85,	49.13628,	6.62401,	2018-10-09T16:07:39.194Z
86,	49.13277,	6.56728,	2018-10-09T16:09:55.194Z
87,	49.13221,	6.55586,	2018-10-09T16:10:22.194Z
88,	49.13274,	6.53297,	2018-10-09T16:11:16.194Z
89,	49.13193,	6.52363,	2018-10-09T16:11:38.194Z
90,	49.13337,	6.50547,	2018-10-09T16:12:21.194Z
91,	49.14114,	6.47514,	2018-10-09T16:13:37.194Z
92,	49.14075,	6.44311,	2018-10-09T16:14:52.194Z
93,	49.14108,	6.42435,	2018-10-09T16:15:37.194Z
94,	49.13877,	6.41765,	2018-10-09T16:15:54.194Z
95,	49.13994,	6.39289,	2018-10-09T16:16:55.194Z
96,	49.13556,	6.36537,	2018-10-09T16:18:02.194Z
97,	49.13537,	6.3475,	2018-10-09T16:18:43.194Z
98,	49.13422,	6.33529,	2018-10-09T16:19:12.194Z
99,	49.13166,	6.32058,	2018-10-09T16:19:47.194Z
100,	49.12807,	6.30717,	2018-10-09T16:20:21.194Z
101,	49.12682,	6.29435,	2018-10-09T16:20:51.194Z
102,	49.12699,	6.28589,	2018-10-09T16:21:11.194Z
103,	49.12679,	6.27266,	2018-10-09T16:21:42.194Z
104,	49.16764,	6.25078,	2018-10-09T16:24:49.194Z
105,	49.18024,	6.24671,	2018-10-09T16:25:36.194Z
106,	49.19444,	6.21558,	2018-10-09T16:27:05.194Z
107,	49.20116,	6.14136,	2018-10-09T16:30:13.194Z
108,	49.20687,	6.12459,	2018-10-09T16:31:01.194Z
109,	49.20337,	6.11102,	2018-10-09T16:31:35.194Z
110,	49.19752,	6.09744,	2018-10-09T16:32:13.194Z
111,	49.1813,	6.06302,	2018-10-09T16:33:57.194Z
112,	49.18164,	6.02648,	2018-10-09T16:35:23.194Z
113,	49.18941,	5.99541,	2018-10-09T16:36:43.194Z
114,	49.19605,	5.98743,	2018-10-09T16:37:13.194Z
115,	49.20049,	5.97076,	2018-10-09T16:37:55.194Z
116,	49.19953,	5.93376,	2018-10-09T16:39:28.194Z
117,	49.19723,	5.88496,	2018-10-09T16:41:48.194Z
118,	49.18773,	5.82265,	2018-10-09T16:44:17.194Z
119,	49.18569,	5.80669,	2018-10-09T16:44:55.194Z
120,	49.18208,	5.79233,	2018-10-09T16:45:31.194Z
121,	49.17948,	5.78255,	2018-10-09T16:45:55.194Z
122,	49.16446,	5.74729,	2018-10-09T16:47:35.194Z
123,	49.15557,	5.7343,	2018-10-09T16:48:18.194Z
124,	49.15236,	5.72795,	2018-10-09T16:48:37.194Z
125,	49.14602,	5.71233,	2018-10-09T16:49:20.194Z
126,	49.14317,	5.70597,	2018-10-09T16:49:38.194Z
127,	49.13659,	5.68739,	2018-10-09T16:50:27.194Z
128,	49.1277,	5.64218,	2018-10-09T16:52:18.194Z
129,	49.12687,	5.62869,	2018-10-09T16:52:50.194Z
130,	49.12678,	5.61854,	2018-10-09T16:53:13.194Z
131,	49.12398,	5.6026,	2018-10-09T16:53:52.194Z
132,	49.11514,	5.5789,	2018-10-09T16:54:57.194Z
133,	49.11064,	5.56707,	2018-10-09T16:55:30.194Z
134,	49.11535,	5.55284,	2018-10-09T16:56:08.194Z
135,	49.11867,	5.53453,	2018-10-09T16:56:54.194Z
136,	49.11926,	5.51592,	2018-10-09T16:57:38.194Z
137,	49.11921,	5.5042,	2018-10-09T16:58:05.194Z
138,	49.12165,	5.48641,	2018-10-09T16:58:48.194Z
139,	49.12038,	5.47252,	2018-10-09T16:59:21.194Z
140,	49.11856,	5.46025,	2018-10-09T16:59:51.194Z
141,	49.11567,	5.44599,	2018-10-09T17:00:26.194Z
142,	49.10737,	5.42282,	2018-10-09T17:01:29.194Z
143,	49.11918,	5.38933,	2018-10-09T17:03:00.194Z
144,	49.10971,	5.35731,	2018-10-09T17:04:23.194Z
145,	49.10564,	5.3323,	2018-10-09T17:05:23.194Z
146,	49.1005,	5.3106,	2018-10-09T17:06:17.194Z
147,	49.09861,	5.30421,	2018-10-09T17:06:34.194Z
148,	49.09679,	5.28136,	2018-10-09T17:07:27.194Z
149,	49.09146,	5.23137,	2018-10-09T17:09:27.194Z
150,	49.09115,	5.21695,	2018-10-09T17:10:01.194Z
151,	49.08868,	5.18538,	2018-10-09T17:11:16.194Z
152,	49.08828,	5.17227,	2018-10-09T17:11:46.194Z
153,	49.09151,	5.14451,	2018-10-09T17:12:54.194Z
154,	49.09259,	5.12528,	2018-10-09T17:13:39.194Z
155,	49.09159,	5.10442,	2018-10-09T17:14:28.194Z
156,	49.09646,	5.06947,	2018-10-09T17:15:54.194Z
157,	49.09571,	5.04693,	2018-10-09T17:16:48.194Z
158,	49.09117,	5.00419,	2018-10-09T17:18:40.194Z
159,	49.07797,	4.93311,	2018-10-09T17:21:38.194Z
160,	49.07527,	4.91169,	2018-10-09T17:22:29.194Z
161,	49.07317,	4.90318,	2018-10-09T17:22:50.194Z
162,	49.07206,	4.88713,	2018-10-09T17:23:28.194Z
163,	49.07507,	4.84476,	2018-10-09T17:25:08.194Z
164,	49.07697,	4.81559,	2018-10-09T17:26:17.194Z
165,	49.07607,	4.80647,	2018-10-09T17:26:39.194Z
166,	49.07446,	4.79709,	2018-10-09T17:27:01.194Z
167,	49.06684,	4.73113,	2018-10-09T17:29:38.194Z
168,	49.06055,	4.70708,	2018-10-09T17:30:39.194Z
169,	49.04969,	4.67017,	2018-10-09T17:32:13.194Z
170,	49.04662,	4.65687,	2018-10-09T17:32:46.194Z
171,	49.03612,	4.61706,	2018-10-09T17:34:27.194Z
172,	49.033,	4.56341,	2018-10-09T17:36:33.194Z
173,	49.02936,	4.53628,	2018-10-09T17:37:38.194Z
174,	49.03381,	4.45541,	2018-10-09T17:40:50.194Z
175,	49.03414,	4.44517,	2018-10-09T17:41:14.194Z
176,	49.03597,	4.42371,	2018-10-09T17:42:04.194Z
177,	49.03537,	4.41455,	2018-10-09T17:42:26.194Z
178,	49.03447,	4.38581,	2018-10-09T17:43:33.194Z
179,	49.0346,	4.3746,	2018-10-09T17:44:00.194Z
180,	49.04267,	4.32329,	2018-10-09T17:46:05.194Z
181,	49.05026,	4.29626,	2018-10-09T17:47:14.194Z
182,	49.05888,	4.2828,	2018-10-09T17:47:58.194Z
183,	49.07249,	4.26728,	2018-10-09T17:48:58.194Z
184,	49.08903,	4.25911,	2018-10-09T17:50:00.194Z
185,	49.09651,	4.25601,	2018-10-09T17:50:27.194Z
186,	49.11418,	4.25025,	2018-10-09T17:51:32.194Z
187,	49.12245,	4.24077,	2018-10-09T17:52:09.194Z
188,	49.13381,	4.22173,	2018-10-09T17:53:09.194Z
189,	49.14346,	4.21344,	2018-10-09T17:53:48.194Z
190,	49.14834,	4.20772,	2018-10-09T17:54:10.194Z
191,	49.15963,	4.19419,	2018-10-09T17:55:01.194Z
192,	49.17325,	4.16875,	2018-10-09T17:56:18.194Z
193,	49.18277,	4.15179,	2018-10-09T17:57:10.194Z
194,	49.19148,	4.13457,	2018-10-09T17:58:01.194Z
195,	49.19541,	4.12395,	2018-10-09T17:58:29.194Z
196,	49.20095,	4.10509,	2018-10-09T17:59:17.194Z
197,	49.20369,	4.09352,	2018-10-09T17:59:46.194Z
198,	49.20918,	4.06498,	2018-10-09T18:00:55.194Z
199,	49.21048,	4.05466,	2018-10-09T18:01:20.194Z
200,	49.205,	4.02708,	2018-10-09T18:02:28.194Z
201,	49.20491,	4.01786,	2018-10-09T18:02:50.194Z
202,	49.22245,	3.97416,	2018-10-09T18:04:50.194Z
203,	49.23201,	3.96965,	2018-10-09T18:05:26.194Z
204,	49.24543,	3.95965,	2018-10-09T18:06:23.194Z
205,	49.246,	3.93337,	2018-10-09T18:07:27.194Z
206,	49.24321,	3.89778,	2018-10-09T18:08:51.194Z
207,	49.242,	3.88573,	2018-10-09T18:09:20.194Z
208,	49.23442,	3.86068,	2018-10-09T18:10:24.194Z
209,	49.23314,	3.84722,	2018-10-09T18:10:55.194Z
210,	49.22925,	3.82935,	2018-10-09T18:11:39.194Z
211,	49.22048,	3.81309,	2018-10-09T18:12:29.194Z
212,	49.21355,	3.79602,	2018-10-09T18:13:15.194Z
213,	49.20169,	3.7638,	2018-10-09T18:14:42.194Z
214,	49.19042,	3.75406,	2018-10-09T18:15:28.194Z
215,	49.18248,	3.75023,	2018-10-09T18:15:58.194Z
216,	49.16152,	3.72909,	2018-10-09T18:17:28.194Z
217,	49.15087,	3.69605,	2018-10-09T18:18:54.194Z
218,	49.14901,	3.66106,	2018-10-09T18:20:16.194Z
219,	49.14367,	3.63189,	2018-10-09T18:21:27.194Z
220,	49.13943,	3.62069,	2018-10-09T18:21:57.194Z
221,	49.13458,	3.60992,	2018-10-09T18:22:27.194Z
222,	49.13009,	3.59642,	2018-10-09T18:23:03.194Z
223,	49.12843,	3.58575,	2018-10-09T18:23:28.194Z
224,	49.12826,	3.55519,	2018-10-09T18:24:39.194Z
225,	49.12722,	3.54237,	2018-10-09T18:25:09.194Z
226,	49.12115,	3.51784,	2018-10-09T18:26:11.194Z
227,	49.10997,	3.48352,	2018-10-09T18:27:41.194Z
228,	49.1073,	3.46924,	2018-10-09T18:28:15.194Z
229,	49.10186,	3.45262,	2018-10-09T18:28:59.194Z
230,	49.08724,	3.41719,	2018-10-09T18:30:36.194Z
231,	49.08393,	3.4104,	2018-10-09T18:30:56.194Z
232,	49.07779,	3.37285,	2018-10-09T18:32:28.194Z
233,	49.0738,	3.34933,	2018-10-09T18:33:25.194Z
234,	49.0619,	3.33065,	2018-10-09T18:34:26.194Z
235,	49.05805,	3.32558,	2018-10-09T18:34:44.194Z
236,	49.04842,	3.29538,	2018-10-09T18:36:04.194Z
237,	49.0466,	3.26981,	2018-10-09T18:37:04.194Z
238,	49.04417,	3.25714,	2018-10-09T18:37:35.194Z
239,	49.04129,	3.24673,	2018-10-09T18:38:01.194Z
240,	49.0404,	3.21731,	2018-10-09T18:39:10.194Z
241,	49.03948,	3.19769,	2018-10-09T18:39:57.194Z
242,	49.03539,	3.18491,	2018-10-09T18:40:30.194Z
243,	49.03235,	3.17651,	2018-10-09T18:40:52.194Z
244,	49.02737,	3.16632,	2018-10-09T18:41:22.194Z
245,	49.02198,	3.16178,	2018-10-09T18:41:44.194Z
246,	49.00104,	3.12724,	2018-10-09T18:43:49.194Z
247,	48.98029,	3.07583,	2018-10-09T18:46:10.194Z
248,	48.96968,	3.0609,	2018-10-09T18:47:02.194Z
249,	48.96629,	3.05621,	2018-10-09T18:47:18.194Z
250,	48.93274,	3.02546,	2018-10-09T18:49:37.194Z
251,	48.92332,	3.00468,	2018-10-09T18:50:37.194Z
252,	48.91925,	2.99035,	2018-10-09T18:51:14.194Z
253,	48.91239,	2.96852,	2018-10-09T18:52:10.194Z
254,	48.91096,	2.95839,	2018-10-09T18:52:35.194Z
255,	48.89969,	2.92099,	2018-10-09T18:54:12.194Z
256,	48.89543,	2.91025,	2018-10-09T18:54:41.194Z
257,	48.88277,	2.88994,	2018-10-09T18:55:46.194Z
258,	48.87444,	2.87051,	2018-10-09T18:56:41.194Z
259,	48.86399,	2.84831,	2018-10-09T18:57:45.194Z
260,	48.84543,	2.82935,	2018-10-09T18:59:19.194Z
261,	48.83985,	2.81969,	2018-10-09T18:59:49.194Z
262,	48.83411,	2.79992,	2018-10-09T19:00:39.194Z
263,	48.83141,	2.76766,	2018-10-09T19:01:56.194Z
264,	48.83049,	2.75546,	2018-10-09T19:02:24.194Z
265,	48.82899,	2.72314,	2018-10-09T19:03:40.194Z
266,	48.82967,	2.71167,	2018-10-09T19:04:07.194Z
267,	48.83167,	2.67809,	2018-10-09T19:05:26.194Z
268,	48.8319,	2.6481,	2018-10-09T19:06:36.194Z
269,	48.83333,	2.59389,	2018-10-09T19:08:45.194Z
270,	48.83505,	2.57803,	2018-10-09T19:09:23.194Z
271,	48.83019,	2.48787,	2018-10-09T19:13:40.194Z
272,	48.7737,	2.40197,	2018-10-09T19:21:46.194Z
273,	48.7375,	2.31631,	2018-10-09T19:29:02.194Z
274,	48.69707,	2.23876,	2018-10-09T19:35:12.194Z
275,	48.69288,	2.22734,	2018-10-09T19:35:42.194Z
276,	48.67551,	2.20047,	2018-10-09T19:37:11.194Z
277,	48.65805,	2.18258,	2018-10-09T19:38:26.194Z
278,	48.64799,	2.16644,	2018-10-09T19:39:18.194Z
279,	48.63855,	2.15122,	2018-10-09T19:40:07.194Z
280,	48.62257,	2.13465,	2018-10-09T19:41:16.194Z
281,	48.6107,	2.10568,	2018-10-09T19:42:37.194Z
282,	48.60727,	2.09067,	2018-10-09T19:43:15.194Z
283,	48.60226,	2.06874,	2018-10-09T19:44:09.194Z
284,	48.59958,	2.05938,	2018-10-09T19:44:33.194Z
285,	48.59103,	2.03932,	2018-10-09T19:45:29.194Z
286,	48.5845,	2.021,	2018-10-09T19:46:18.194Z
287,	48.57212,	1.99644,	2018-10-09T19:47:31.194Z
288,	48.56761,	1.98447,	2018-10-09T19:48:03.194Z
289,	48.56307,	1.96246,	2018-10-09T19:48:57.194Z
290,	48.56053,	1.94941,	2018-10-09T19:49:29.194Z
291,	48.53812,	1.90422,	2018-10-09T19:52:00.194Z
292,	48.52345,	1.90784,	2018-10-09T19:52:53.194Z
293,	48.5103,	1.90721,	2018-10-09T19:53:40.194Z
294,	48.49241,	1.91075,	2018-10-09T19:54:44.194Z
295,	48.48724,	1.91233,	2018-10-09T19:55:03.194Z
296,	48.46614,	1.91267,	2018-10-09T19:56:17.194Z
297,	48.45876,	1.91218,	2018-10-09T19:56:44.194Z
298,	48.45286,	1.91137,	2018-10-09T19:57:05.194Z
299,	48.44554,	1.90938,	2018-10-09T19:57:31.194Z
300,	48.42198,	1.89999,	2018-10-09T19:58:57.194Z
301,	48.40736,	1.89521,	2018-10-09T19:59:50.194Z
302,	48.39186,	1.89141,	2018-10-09T20:00:46.194Z
303,	48.37873,	1.88802,	2018-10-09T20:01:33.194Z
304,	48.37324,	1.88577,	2018-10-09T20:01:53.194Z
305,	48.33872,	1.86747,	2018-10-09T20:04:03.194Z
306,	48.32236,	1.86339,	2018-10-09T20:05:02.194Z
307,	48.30991,	1.86219,	2018-10-09T20:05:46.194Z
308,	48.29918,	1.86129,	2018-10-09T20:06:24.194Z
309,	48.28075,	1.8586,	2018-10-09T20:07:30.194Z
310,	48.25268,	1.85139,	2018-10-09T20:09:11.194Z
311,	48.22257,	1.84693,	2018-10-09T20:10:59.194Z
312,	48.20608,	1.84867,	2018-10-09T20:11:58.194Z
313,	48.17805,	1.85415,	2018-10-09T20:13:38.194Z
314,	48.16875,	1.85359,	2018-10-09T20:14:11.194Z
315,	48.14787,	1.85564,	2018-10-09T20:15:25.194Z
316,	48.13417,	1.85415,	2018-10-09T20:16:14.194Z
317,	48.12494,	1.85192,	2018-10-09T20:16:47.194Z
318,	48.11296,	1.85069,	2018-10-09T20:17:29.194Z
319,	48.0879,	1.85188,	2018-10-09T20:18:58.194Z
320,	48.06327,	1.84582,	2018-10-09T20:20:27.194Z
321,	48.05114,	1.84188,	2018-10-09T20:21:11.194Z
322,	48.03592,	1.84004,	2018-10-09T20:22:05.194Z
323,	48.0206,	1.84209,	2018-10-09T20:23:00.194Z
324,	48.01117,	1.84536,	2018-10-09T20:23:34.194Z
325,	47.99907,	1.85183,	2018-10-09T20:24:19.194Z
326,	47.98886,	1.85718,	2018-10-09T20:24:58.194Z
327,	47.97511,	1.85885,	2018-10-09T20:25:47.194Z
328,	47.9575,	1.85162,	2018-10-09T20:26:52.194Z
329,	47.92987,	1.84934,	2018-10-09T20:28:31.194Z
330,	47.92289,	1.84881,	2018-10-09T20:28:56.194Z
331,	47.90539,	1.84871,	2018-10-09T20:29:58.194Z
332,	47.89831,	1.79529,	2018-10-09T20:32:15.194Z
333,	47.89473,	1.77347,	2018-10-09T20:33:08.194Z
334,	47.88334,	1.74443,	2018-10-09T20:34:29.194Z
335,	47.87747,	1.73544,	2018-10-09T20:34:59.194Z
336,	47.87313,	1.72922,	2018-10-09T20:35:20.194Z
337,	47.86883,	1.72304,	2018-10-09T20:35:41.194Z
338,	47.86255,	1.71274,	2018-10-09T20:36:14.194Z
339,	47.85832,	1.70419,	2018-10-09T20:36:40.194Z
340,	47.8425,	1.67663,	2018-10-09T20:38:07.194Z
341,	47.83594,	1.66843,	2018-10-09T20:38:37.194Z
342,	47.82492,	1.65092,	2018-10-09T20:39:34.194Z
343,	47.80847,	1.62297,	2018-10-09T20:41:03.194Z
344,	47.80298,	1.61691,	2018-10-09T20:41:27.194Z
345,	47.7932,	1.60658,	2018-10-09T20:42:10.194Z
346,	47.78633,	1.59916,	2018-10-09T20:42:40.194Z
347,	47.76994,	1.57264,	2018-10-09T20:44:06.194Z
348,	47.76281,	1.55942,	2018-10-09T20:44:47.194Z
349,	47.75218,	1.54454,	2018-10-09T20:45:39.194Z
350,	47.74082,	1.52768,	2018-10-09T20:46:36.194Z
351,	47.73658,	1.51895,	2018-10-09T20:47:01.194Z
352,	47.73243,	1.50954,	2018-10-09T20:47:28.194Z
353,	47.71842,	1.4849,	2018-10-09T20:48:45.194Z
354,	47.71289,	1.47076,	2018-10-09T20:49:24.194Z
355,	47.70827,	1.45856,	2018-10-09T20:49:58.194Z
356,	47.69575,	1.4391,	2018-10-09T20:51:02.194Z
357,	47.6851,	1.41859,	2018-10-09T20:52:04.194Z
358,	47.67622,	1.40097,	2018-10-09T20:52:57.194Z
359,	47.67029,	1.39313,	2018-10-09T20:53:25.194Z
360,	47.6615,	1.38466,	2018-10-09T20:54:02.194Z
361,	47.6558,	1.37924,	2018-10-09T20:54:26.194Z
362,	47.65207,	1.37489,	2018-10-09T20:54:43.194Z
363,	47.62695,	1.34957,	2018-10-09T20:56:31.194Z
364,	47.61998,	1.33578,	2018-10-09T20:57:13.194Z
365,	47.61785,	1.32553,	2018-10-09T20:57:39.194Z
366,	47.61606,	1.30192,	2018-10-09T20:58:36.194Z
367,	47.61796,	1.26671,	2018-10-09T21:00:00.194Z
368,	47.61849,	1.25943,	2018-10-09T21:00:18.194Z
369,	47.61791,	1.21916,	2018-10-09T21:01:55.194Z
370,	47.61656,	1.1935,	2018-10-09T21:02:57.194Z
371,	47.61703,	1.18505,	2018-10-09T21:03:17.194Z
372,	47.61595,	1.1637,	2018-10-09T21:04:09.194Z
373,	47.61361,	1.14918,	2018-10-09T21:04:45.194Z
374,	47.61173,	1.14061,	2018-10-09T21:05:06.194Z
375,	47.60853,	1.12877,	2018-10-09T21:05:37.194Z
376,	47.59335,	1.09272,	2018-10-09T21:07:19.194Z
377,	47.58955,	1.08572,	2018-10-09T21:07:40.194Z
378,	47.58514,	1.07633,	2018-10-09T21:08:08.194Z
379,	47.57669,	1.05984,	2018-10-09T21:08:57.194Z
380,	47.56995,	1.04903,	2018-10-09T21:09:33.194Z
381,	47.56242,	1.03389,	2018-10-09T21:10:18.194Z
382,	47.55737,	1.02011,	2018-10-09T21:10:55.194Z
383,	47.55169,	1.00275,	2018-10-09T21:11:41.194Z
384,	47.54711,	0.98881,	2018-10-09T21:12:19.194Z
385,	47.54103,	0.97344,	2018-10-09T21:13:01.194Z
386,	47.53697,	0.96483,	2018-10-09T21:13:27.194Z
387,	47.53054,	0.95117,	2018-10-09T21:14:06.194Z
388,	47.52549,	0.93818,	2018-10-09T21:14:42.194Z
389,	47.52226,	0.92641,	2018-10-09T21:15:13.194Z
390,	47.51853,	0.91587,	2018-10-09T21:15:41.194Z
391,	47.50672,	0.87904,	2018-10-09T21:17:20.194Z
392,	47.50523,	0.87157,	2018-10-09T21:17:39.194Z
393,	47.50312,	0.8632,	2018-10-09T21:18:00.194Z
394,	47.49665,	0.8433,	2018-10-09T21:18:53.194Z
395,	47.49298,	0.82975,	2018-10-09T21:19:28.194Z
396,	47.47904,	0.78493,	2018-10-09T21:21:44.194Z
397,	47.45181,	0.74831,	2018-10-09T21:23:55.194Z
398,	47.43765,	0.73697,	2018-10-09T21:24:55.194Z
399,	47.42892,	0.73452,	2018-10-09T21:25:26.194Z
400,	47.42036,	0.73154,	2018-10-09T21:25:57.194Z
401,	47.38135,	0.71193,	2018-10-09T21:29:34.194Z
402,	47.37706,	0.71429,	2018-10-09T21:29:57.194Z
403,	47.35626,	0.70832,	2018-10-09T21:31:44.194Z
404,	47.34386,	0.70006,	2018-10-09T21:32:51.194Z
405,	47.32737,	0.69221,	2018-10-09T21:34:17.194Z
406,	47.31452,	0.68897,	2018-10-09T21:35:12.194Z
407,	47.28933,	0.68413,	2018-10-09T21:36:47.194Z
408,	47.26818,	0.67088,	2018-10-09T21:38:09.194Z
409,	47.26008,	0.66666,	2018-10-09T21:38:39.194Z
410,	47.23905,	0.66028,	2018-10-09T21:39:56.194Z
411,	47.2337,	0.65894,	2018-10-09T21:40:15.194Z
412,	47.20082,	0.65141,	2018-10-09T21:42:28.194Z
413,	47.19376,	0.64834,	2018-10-09T21:42:55.194Z
414,	47.18299,	0.64349,	2018-10-09T21:43:34.194Z
415,	47.1697,	0.63378,	2018-10-09T21:44:27.194Z
416,	47.16469,	0.62958,	2018-10-09T21:44:48.194Z
417,	47.13663,	0.61792,	2018-10-09T21:46:31.194Z
418,	47.12201,	0.60431,	2018-10-09T21:47:33.194Z
419,	47.11096,	0.5934,	2018-10-09T21:48:21.194Z
420,	47.08349,	0.58595,	2018-10-09T21:50:01.194Z
421,	47.07131,	0.58716,	2018-10-09T21:50:44.194Z
422,	47.06418,	0.58858,	2018-10-09T21:51:09.194Z
423,	47.03566,	0.57426,	2018-10-09T21:53:00.194Z
424,	47.02989,	0.56967,	2018-10-09T21:53:23.194Z
425,	47.02283,	0.56543,	2018-10-09T21:53:51.194Z
426,	47.01177,	0.55897,	2018-10-09T21:54:33.194Z
427,	47.00381,	0.55432,	2018-10-09T21:55:03.194Z
428,	46.97822,	0.54659,	2018-10-09T21:56:36.194Z
429,	46.95969,	0.54895,	2018-10-09T21:57:42.194Z
430,	46.94791,	0.54795,	2018-10-09T21:58:24.194Z
431,	46.92874,	0.54,	2018-10-09T21:59:35.194Z
432,	46.91509,	0.52893,	2018-10-09T22:00:30.194Z
433,	46.89573,	0.51986,	2018-10-09T22:01:43.194Z
434,	46.88578,	0.51783,	2018-10-09T22:02:18.194Z
435,	46.86247,	0.52481,	2018-10-09T22:03:43.194Z
436,	46.84668,	0.52596,	2018-10-09T22:04:39.194Z
437,	46.84183,	0.52549,	2018-10-09T22:04:56.194Z
438,	46.82861,	0.52086,	2018-10-09T22:05:45.194Z
439,	46.80545,	0.51325,	2018-10-09T22:07:09.194Z
440,	46.79808,	0.51188,	2018-10-09T22:07:36.194Z
441,	46.78456,	0.50379,	2018-10-09T22:08:28.194Z
442,	46.77377,	0.48896,	2018-10-09T22:09:21.194Z
443,	46.76156,	0.45883,	2018-10-09T22:10:46.194Z
444,	46.7499,	0.43853,	2018-10-09T22:11:50.194Z
445,	46.74433,	0.42771,	2018-10-09T22:12:23.194Z
446,	46.73566,	0.40528,	2018-10-09T22:13:26.194Z
447,	46.72835,	0.3945,	2018-10-09T22:14:03.194Z
448,	46.71704,	0.38038,	2018-10-09T22:14:56.194Z
449,	46.70714,	0.37285,	2018-10-09T22:15:36.194Z
450,	46.68625,	0.36293,	2018-10-09T22:16:54.194Z
451,	46.67827,	0.35927,	2018-10-09T22:17:23.194Z
452,	46.65669,	0.35515,	2018-10-09T22:18:40.194Z
453,	46.63827,	0.35348,	2018-10-09T22:19:46.194Z
454,	46.62831,	0.35081,	2018-10-09T22:20:22.194Z
455,	46.61164,	0.33056,	2018-10-09T22:21:41.194Z
456,	46.60229,	0.31474,	2018-10-09T22:22:32.194Z
457,	46.57341,	0.28945,	2018-10-09T22:24:34.194Z
458,	46.56345,	0.28688,	2018-10-09T22:25:09.194Z
459,	46.54449,	0.25705,	2018-10-09T22:26:57.194Z
460,	46.53909,	0.24803,	2018-10-09T22:27:26.194Z
461,	46.52427,	0.22508,	2018-10-09T22:28:44.194Z
462,	46.51856,	0.22189,	2018-10-09T22:29:05.194Z
463,	46.51149,	0.21532,	2018-10-09T22:29:35.194Z
464,	46.50987,	0.16365,	2018-10-09T22:31:48.194Z
465,	46.50709,	0.11337,	2018-10-09T22:33:53.194Z
466,	46.4981,	0.09159,	2018-10-09T22:34:55.194Z
467,	46.49151,	0.08105,	2018-10-09T22:35:30.194Z
468,	46.48692,	0.07446,	2018-10-09T22:35:53.194Z
469,	46.47739,	0.06073,	2018-10-09T22:36:41.194Z
470,	46.47092,	0.0367,	2018-10-09T22:37:44.194Z
471,	46.46622,	0.02148,	2018-10-09T22:38:25.194Z
472,	46.45846,	0.00399,	2018-10-09T22:39:16.194Z
473,	46.4557,	-0.0049,	2018-10-09T22:39:40.194Z
474,	46.43706,	-0.05539,	2018-10-09T22:42:00.194Z
475,	46.43196,	-0.07047,	2018-10-09T22:42:41.194Z
476,	46.42138,	-0.09959,	2018-10-09T22:44:03.194Z
477,	46.4158,	-0.11604,	2018-10-09T22:44:48.194Z
478,	46.40405,	-0.15396,	2018-10-09T22:46:31.194Z
479,	46.39798,	-0.16618,	2018-10-09T22:47:07.194Z
480,	46.39437,	-0.1813,	2018-10-09T22:47:47.194Z
481,	46.38883,	-0.20003,	2018-10-09T22:48:38.194Z
482,	46.38321,	-0.2057,	2018-10-09T22:49:02.194Z
483,	46.37705,	-0.20992,	2018-10-09T22:49:26.194Z
484,	46.37107,	-0.21644,	2018-10-09T22:49:53.194Z
485,	46.36666,	-0.24629,	2018-10-09T22:51:09.194Z
486,	46.36188,	-0.26469,	2018-10-09T22:51:58.194Z
487,	46.35836,	-0.27026,	2018-10-09T22:52:16.194Z
488,	46.34748,	-0.2937,	2018-10-09T22:53:26.194Z
489,	46.33757,	-0.31691,	2018-10-09T22:54:33.194Z
490,	46.33141,	-0.32799,	2018-10-09T22:55:08.194Z
491,	46.30867,	-0.35558,	2018-10-09T22:56:54.194Z
492,	46.29323,	-0.38367,	2018-10-09T22:58:23.194Z
493,	46.28623,	-0.39417,	2018-10-09T22:58:59.194Z
494,	46.26947,	-0.40834,	2018-10-09T23:00:08.194Z
495,	46.25788,	-0.41998,	2018-10-09T23:00:58.194Z
496,	46.24122,	-0.43331,	2018-10-09T23:02:06.194Z
497,	46.22675,	-0.44533,	2018-10-09T23:03:05.194Z
498,	46.21158,	-0.4599,	2018-10-09T23:04:10.194Z
499,	46.20761,	-0.46605,	2018-10-09T23:04:31.194Z
500,	46.18175,	-0.49942,	2018-10-09T23:06:34.194Z
501,	46.16858,	-0.51095,	2018-10-09T23:07:29.194Z
502,	46.16257,	-0.51409,	2018-10-09T23:07:51.194Z
503,	46.15801,	-0.51616,	2018-10-09T23:08:08.194Z
504,	46.13823,	-0.52785,	2018-10-09T23:09:24.194Z
505,	46.13134,	-0.53012,	2018-10-09T23:09:49.194Z
506,	46.12432,	-0.53174,	2018-10-09T23:10:14.194Z
507,	46.10542,	-0.53547,	2018-10-09T23:11:22.194Z
508,	46.08763,	-0.53204,	2018-10-09T23:12:26.194Z
509,	46.07681,	-0.5315,	2018-10-09T23:13:04.194Z
510,	46.07178,	-0.53263,	2018-10-09T23:13:22.194Z
511,	46.04935,	-0.53721,	2018-10-09T23:14:43.194Z
512,	46.03308,	-0.53783,	2018-10-09T23:15:40.194Z
513,	46.00801,	-0.5408,	2018-10-09T23:17:10.194Z
514,	45.99729,	-0.54347,	2018-10-09T23:17:49.194Z
515,	45.9721,	-0.54807,	2018-10-09T23:19:19.194Z
516,	45.94901,	-0.55627,	2018-10-09T23:20:43.194Z
517,	45.94138,	-0.55865,	2018-10-09T23:21:11.194Z
518,	45.933,	-0.56616,	2018-10-09T23:21:46.194Z
519,	45.92609,	-0.57727,	2018-10-09T23:22:23.194Z
520,	45.90747,	-0.58612,	2018-10-09T23:23:33.194Z
521,	45.89632,	-0.59907,	2018-10-09T23:24:25.194Z
522,	45.89091,	-0.60786,	2018-10-09T23:24:54.194Z
523,	45.88032,	-0.62096,	2018-10-09T23:25:44.194Z
524,	45.87326,	-0.62295,	2018-10-09T23:26:09.194Z
525,	45.86483,	-0.6218,	2018-10-09T23:26:39.194Z
526,	45.85028,	-0.62397,	2018-10-09T23:27:32.194Z
527,	45.83617,	-0.62761,	2018-10-09T23:28:22.194Z
528,	45.83122,	-0.63068,	2018-10-09T23:28:42.194Z
529,	45.82509,	-0.63946,	2018-10-09T23:29:12.194Z
530,	45.81873,	-0.64963,	2018-10-09T23:29:46.194Z
531,	45.81113,	-0.65314,	2018-10-09T23:30:15.194Z
532,	45.80273,	-0.65543,	2018-10-09T23:30:45.194Z
533,	45.75633,	-0.6723,	2018-10-09T23:33:39.194Z
534,	45.73556,	-0.66518,	2018-10-09T23:34:55.194Z
535,	45.72555,	-0.66128,	2018-10-09T23:35:32.194Z
536,	45.71971,	-0.65974,	2018-10-09T23:35:53.194Z
537,	45.71322,	-0.65665,	2018-10-09T23:36:18.194Z
538,	45.69165,	-0.64774,	2018-10-09T23:37:37.194Z
539,	45.6806,	-0.64347,	2018-10-09T23:38:18.194Z
540,	45.66063,	-0.63583,	2018-10-09T23:39:31.194Z
541,	45.63359,	-0.61894,	2018-10-09T23:41:18.194Z
542,	45.62351,	-0.60968,	2018-10-09T23:42:00.194Z
543,	45.61546,	-0.60503,	2018-10-09T23:42:31.194Z
544,	45.61005,	-0.59933,	2018-10-09T23:42:55.194Z
545,	45.59783,	-0.58972,	2018-10-09T23:43:46.194Z
546,	45.58058,	-0.59846,	2018-10-09T23:44:51.194Z
547,	45.56544,	-0.60151,	2018-10-09T23:45:46.194Z
548,	45.55946,	-0.60234,	2018-10-09T23:46:07.194Z
549,	45.54257,	-0.606,	2018-10-09T23:47:07.194Z
550,	45.53148,	-0.60862,	2018-10-09T23:47:47.194Z
551,	45.52427,	-0.61033,	2018-10-09T23:48:13.194Z
552,	45.51566,	-0.61227,	2018-10-09T23:48:44.194Z
553,	45.50225,	-0.6134,	2018-10-09T23:49:32.194Z
554,	45.4931,	-0.61424,	2018-10-09T23:50:04.194Z
555,	45.48201,	-0.61822,	2018-10-09T23:50:45.194Z
556,	45.46468,	-0.62,	2018-10-09T23:51:47.194Z
557,	45.45393,	-0.61504,	2018-10-09T23:52:27.194Z
558,	45.44506,	-0.60958,	2018-10-09T23:53:01.194Z
559,	45.43931,	-0.6067,	2018-10-09T23:53:23.194Z
560,	45.4293,	-0.60532,	2018-10-09T23:53:58.194Z
561,	45.42459,	-0.60482,	2018-10-09T23:54:15.194Z
562,	45.40291,	-0.60228,	2018-10-09T23:55:33.194Z
563,	45.39477,	-0.60433,	2018-10-09T23:56:02.194Z
564,	45.37944,	-0.60024,	2018-10-09T23:56:58.194Z
565,	45.37344,	-0.59503,	2018-10-09T23:57:23.194Z
566,	45.35239,	-0.58272,	2018-10-09T23:58:44.194Z
567,	45.34612,	-0.57684,	2018-10-09T23:59:10.194Z
568,	45.33166,	-0.56864,	2018-10-10T00:00:06.194Z
569,	45.31599,	-0.55931,	2018-10-10T00:01:07.194Z
570,	45.31069,	-0.55852,	2018-10-10T00:01:25.194Z
571,	45.30327,	-0.55723,	2018-10-10T00:01:52.194Z
572,	45.28384,	-0.55107,	2018-10-10T00:03:03.194Z
573,	45.2594,	-0.54562,	2018-10-10T00:04:31.194Z
574,	45.24349,	-0.53463,	2018-10-10T00:05:33.194Z
575,	45.22901,	-0.52234,	2018-10-10T00:06:34.194Z
576,	45.21432,	-0.50625,	2018-10-10T00:07:41.194Z
577,	45.19791,	-0.49533,	2018-10-10T00:08:46.194Z
578,	45.19303,	-0.49346,	2018-10-10T00:09:04.194Z
579,	45.17153,	-0.48326,	2018-10-10T00:10:24.194Z
580,	45.15958,	-0.47947,	2018-10-10T00:11:07.194Z
581,	45.13789,	-0.48231,	2018-10-10T00:12:25.194Z
582,	45.11088,	-0.4841,	2018-10-10T00:14:02.194Z
583,	45.09753,	-0.47656,	2018-10-10T00:14:53.194Z
584,	45.091,	-0.47237,	2018-10-10T00:15:18.194Z
585,	45.07771,	-0.46802,	2018-10-10T00:16:07.194Z
586,	45.06882,	-0.46353,	2018-10-10T00:16:40.194Z
587,	45.0637,	-0.45997,	2018-10-10T00:17:01.194Z
588,	45.03164,	-0.44053,	2018-10-10T00:19:04.194Z
589,	44.96093,	-0.44434,	2018-10-10T00:23:46.194Z
590,	44.91225,	-0.48414,	2018-10-10T00:27:15.194Z
591,	44.89387,	-0.49901,	2018-10-10T00:28:43.194Z
592,	44.85813,	-0.50481,	2018-10-10T00:32:16.194Z
593,	44.82361,	-0.51211,	2018-10-10T00:35:27.194Z
594,	44.78038,	-0.54661,	2018-10-10T00:39:46.194Z
595,	44.75958,	-0.68108,	2018-10-10T00:48:00.194Z
596,	44.74849,	-0.69801,	2018-10-10T00:48:58.194Z
597,	44.74188,	-0.70919,	2018-10-10T00:49:34.194Z
598,	44.73585,	-0.71846,	2018-10-10T00:50:06.194Z
599,	44.72383,	-0.73494,	2018-10-10T00:51:06.194Z
600,	44.71684,	-0.74254,	2018-10-10T00:51:37.194Z
601,	44.69967,	-0.76026,	2018-10-10T00:52:52.194Z
602,	44.69238,	-0.76971,	2018-10-10T01:38:28.194Z
603,	44.68203,	-0.78834,	2018-10-10T01:39:27.194Z
604,	44.6787,	-0.79525,	2018-10-10T01:39:48.194Z
605,	44.66352,	-0.82094,	2018-10-10T01:41:13.194Z
606,	44.64371,	-0.83984,	2018-10-10T01:42:38.194Z
607,	44.62511,	-0.84893,	2018-10-10T01:43:48.194Z
608,	44.60251,	-0.84838,	2018-10-10T01:45:09.194Z
609,	44.59391,	-0.84404,	2018-10-10T01:45:42.194Z
610,	44.57347,	-0.83421,	2018-10-10T01:46:58.194Z
611,	44.56178,	-0.83229,	2018-10-10T01:47:40.194Z
612,	44.54958,	-0.83268,	2018-10-10T01:48:23.194Z
613,	44.53671,	-0.83607,	2018-10-10T01:49:10.194Z
614,	44.5178,	-0.83973,	2018-10-10T01:50:17.194Z
615,	44.50474,	-0.84212,	2018-10-10T01:51:05.194Z
616,	44.48659,	-0.83581,	2018-10-10T01:52:11.194Z
617,	44.46799,	-0.82065,	2018-10-10T01:53:27.194Z
618,	44.44789,	-0.81029,	2018-10-10T01:54:45.194Z
619,	44.43046,	-0.81623,	2018-10-10T01:55:48.194Z
620,	44.42562,	-0.81828,	2018-10-10T01:56:06.194Z
621,	44.40501,	-0.81846,	2018-10-10T01:57:21.194Z
622,	44.38885,	-0.83385,	2018-10-10T01:58:31.194Z
623,	44.36882,	-0.84636,	2018-10-10T01:59:49.194Z
624,	44.33526,	-0.86802,	2018-10-10T02:02:17.194Z
625,	44.32994,	-0.87147,	2018-10-10T02:02:38.194Z
626,	44.32212,	-0.88012,	2018-10-10T02:03:14.194Z
627,	44.29692,	-0.88679,	2018-10-10T02:04:46.194Z
628,	44.27013,	-0.89678,	2018-10-10T02:06:24.194Z
629,	44.26219,	-0.89974,	2018-10-10T02:06:53.194Z
630,	44.25631,	-0.90192,	2018-10-10T02:07:14.194Z
631,	44.25069,	-0.90404,	2018-10-10T02:07:35.194Z
632,	44.24169,	-0.90748,	2018-10-10T02:08:08.194Z
633,	44.22228,	-0.9218,	2018-10-10T02:09:28.194Z
634,	44.17658,	-0.94589,	2018-10-10T02:12:22.194Z
635,	44.15816,	-0.95684,	2018-10-10T02:13:33.194Z
636,	44.15206,	-0.96066,	2018-10-10T02:13:57.194Z
637,	44.12001,	-0.98592,	2018-10-10T02:16:10.194Z
638,	44.09663,	-0.99611,	2018-10-10T02:17:37.194Z
639,	44.09137,	-0.99842,	2018-10-10T02:17:56.194Z
640,	44.08424,	-1.00148,	2018-10-10T02:18:22.194Z
641,	44.05726,	-1.00499,	2018-10-10T02:20:00.194Z
642,	44.02668,	-1.01583,	2018-10-10T02:21:54.194Z
643,	43.99916,	-1.03383,	2018-10-10T02:23:45.194Z
644,	43.99065,	-1.041,	2018-10-10T02:24:20.194Z
645,	43.97951,	-1.05049,	2018-10-10T02:25:06.194Z
646,	43.97437,	-1.05984,	2018-10-10T02:25:36.194Z
647,	43.94344,	-1.08298,	2018-10-10T02:27:47.194Z
648,	43.92388,	-1.10971,	2018-10-10T02:29:24.194Z
649,	43.91873,	-1.11622,	2018-10-10T02:29:49.194Z
650,	43.90155,	-1.12931,	2018-10-10T02:30:58.194Z
651,	43.89566,	-1.1336,	2018-10-10T02:31:22.194Z
652,	43.88971,	-1.13422,	2018-10-10T02:31:43.194Z
653,	43.88181,	-1.13112,	2018-10-10T02:32:12.194Z
654,	43.87572,	-1.133,	2018-10-10T02:32:35.194Z
655,	43.84201,	-1.17579,	2018-10-10T02:35:28.194Z
656,	43.82438,	-1.18773,	2018-10-10T02:36:54.194Z
657,	43.81687,	-1.1928,	2018-10-10T02:37:24.194Z
658,	43.80781,	-1.19895,	2018-10-10T02:37:59.194Z
659,	43.8031,	-1.20208,	2018-10-10T02:38:18.194Z
660,	43.79311,	-1.20867,	2018-10-10T02:38:57.194Z
661,	43.78243,	-1.21004,	2018-10-10T02:39:35.194Z
662,	43.74237,	-1.22569,	2018-10-10T02:42:05.194Z
663,	43.72208,	-1.2276,	2018-10-10T02:43:18.194Z
664,	43.68232,	-1.27993,	2018-10-10T02:47:09.194Z
665,	43.68077,	-1.29399,	2018-10-10T02:47:45.194Z
666,	43.68042,	-1.30083,	2018-10-10T02:48:03.194Z
667,	43.67068,	-1.3196,	2018-10-10T02:49:04.194Z
668,	43.66663,	-1.32288,	2018-10-10T02:49:21.194Z
669,	43.65534,	-1.33443,	2018-10-10T02:50:11.194Z
670,	43.64451,	-1.37257,	2018-10-10T02:51:59.194Z
671,	43.63375,	-1.38948,	2018-10-10T02:52:57.194Z
672,	43.59875,	-1.41551,	2018-10-10T02:55:43.194Z
673,	43.59088,	-1.41805,	2018-10-10T02:56:12.194Z
674,	43.57663,	-1.42624,	2018-10-10T02:57:07.194Z
675,	43.56563,	-1.43088,	2018-10-10T02:57:49.194Z
676,	43.55981,	-1.43063,	2018-10-10T02:58:10.194Z
677,	43.55345,	-1.43237,	2018-10-10T02:58:33.194Z
678,	43.52528,	-1.43958,	2018-10-10T03:00:20.194Z
679,	43.51475,	-1.44334,	2018-10-10T03:00:59.194Z
680,	43.46549,	-1.4834,	2018-10-10T03:05:04.194Z
681,	43.46309,	-1.48867,	2018-10-10T03:05:20.194Z
682,	43.46001,	-1.5189,	2018-10-10T03:06:40.194Z
683,	43.45283,	-1.53133,	2018-10-10T03:07:22.194Z
684,	43.43633,	-1.57203,	2018-10-10T03:09:55.194Z
685,	43.43031,	-1.58445,	2018-10-10T03:10:35.194Z
686,	43.42496,	-1.59405,	2018-10-10T03:11:07.194Z
687,	43.41613,	-1.60745,	2018-10-10T03:11:54.194Z
688,	43.40495,	-1.63027,	2018-10-10T03:13:05.194Z
689,	43.38288,	-1.6441,	2018-10-10T03:14:33.194Z
690,	43.37741,	-1.64722,	2018-10-10T03:14:54.194Z
691,	43.37391,	-1.65318,	2018-10-10T03:15:14.194Z
692,	43.37488,	-1.66724,	2018-10-10T03:15:52.194Z
693,	43.37034,	-1.68032,	2018-10-10T03:16:29.194Z
694,	43.36516,	-1.68821,	2018-10-10T03:16:56.194Z
695,	43.3589,	-1.70024,	2018-10-10T03:17:35.194Z
696,	43.35284,	-1.71768,	2018-10-10T03:18:32.194Z
697,	43.34264,	-1.72629,	2018-10-10T03:19:16.194Z
698,	43.34103,	-1.73998,	2018-10-10T03:19:52.194Z
699,	43.33254,	-1.78023,	2018-10-10T03:22:00.194Z
700,	43.33081,	-1.79448,	2018-10-10T03:22:38.194Z
701,	43.32568,	-1.8167,	2018-10-10T03:23:40.194Z
702,	43.32367,	-1.82366,	2018-10-10T03:23:59.194Z
703,	43.31364,	-1.87085,	2018-10-10T03:26:12.194Z
704,	43.29234,	-1.90181,	2018-10-10T03:28:24.194Z
705,	43.28404,	-1.95776,	2018-10-10T03:31:14.194Z
706,	43.27577,	-2.00524,	2018-10-10T03:33:31.194Z
707,	43.29051,	-2.07477,	2018-10-10T03:37:01.194Z
708,	43.28687,	-2.09142,	2018-10-10T03:37:46.194Z
709,	43.28334,	-2.10368,	2018-10-10T03:38:21.194Z
710,	43.2825,	-2.12717,	2018-10-10T03:39:24.194Z
711,	43.28132,	-2.17828,	2018-10-10T03:41:46.194Z
712,	43.28111,	-2.19439,	2018-10-10T03:42:29.194Z
713,	43.28234,	-2.21297,	2018-10-10T03:43:18.194Z
714,	43.28549,	-2.21999,	2018-10-10T03:43:40.194Z
715,	43.28016,	-2.23959,	2018-10-10T03:44:37.194Z
716,	43.27149,	-2.26311,	2018-10-10T03:45:52.194Z
717,	43.25965,	-2.28809,	2018-10-10T03:47:13.194Z
718,	43.28375,	-2.32208,	2018-10-10T03:49:19.194Z
719,	43.28444,	-2.34379,	2018-10-10T03:50:16.194Z
720,	43.28083,	-2.36032,	2018-10-10T03:51:10.194Z
721,	43.26872,	-2.37207,	2018-10-10T03:52:03.194Z
722,	43.26063,	-2.38054,	2018-10-10T03:52:39.194Z
723,	43.24788,	-2.39413,	2018-10-10T03:53:40.194Z
724,	43.24366,	-2.39752,	2018-10-10T03:53:58.194Z
725,	43.23709,	-2.40071,	2018-10-10T03:54:24.194Z
726,	43.21328,	-2.41159,	2018-10-10T03:56:02.194Z
727,	43.20428,	-2.42348,	2018-10-10T03:56:50.194Z
728,	43.20128,	-2.42953,	2018-10-10T03:57:09.194Z
729,	43.18124,	-2.42776,	2018-10-10T03:58:47.194Z
730,	43.17341,	-2.4252,	2018-10-10T03:59:16.194Z
731,	43.16622,	-2.4263,	2018-10-10T03:59:42.194Z
732,	43.15256,	-2.42856,	2018-10-10T04:00:30.194Z
733,	43.13573,	-2.42592,	2018-10-10T04:01:31.194Z
734,	43.10608,	-2.43504,	2018-10-10T04:03:22.194Z
735,	43.09498,	-2.43457,	2018-10-10T04:04:02.194Z
736,	43.07439,	-2.46175,	2018-10-10T04:05:53.194Z
737,	43.05565,	-2.48902,	2018-10-10T04:07:34.194Z
738,	43.0491,	-2.49536,	2018-10-10T04:08:03.194Z
739,	43.02016,	-2.52796,	2018-10-10T04:10:26.194Z
740,	43.01657,	-2.53844,	2018-10-10T04:10:57.194Z
741,	43.0164,	-2.54928,	2018-10-10T04:11:26.194Z
742,	42.99578,	-2.57574,	2018-10-10T04:13:11.194Z
743,	42.95891,	-2.6158,	2018-10-10T04:15:59.194Z
744,	42.95656,	-2.62163,	2018-10-10T04:16:16.194Z
745,	42.95141,	-2.62708,	2018-10-10T04:16:39.194Z
746,	42.92701,	-2.64306,	2018-10-10T04:18:18.194Z
747,	42.91931,	-2.67019,	2018-10-10T04:19:34.194Z
748,	42.9182,	-2.67883,	2018-10-10T04:19:57.194Z
749,	42.91731,	-2.69194,	2018-10-10T04:20:31.194Z
750,	42.89224,	-2.70022,	2018-10-10T04:23:02.194Z
751,	42.87569,	-2.71632,	2018-10-10T04:24:57.194Z
752,	42.86774,	-2.72574,	2018-10-10T04:25:35.194Z
753,	42.86448,	-2.73478,	2018-10-10T04:26:01.194Z
754,	42.85898,	-2.742,	2018-10-10T04:26:28.194Z
755,	42.85264,	-2.747,	2018-10-10T04:26:54.194Z
756,	42.84723,	-2.74964,	2018-10-10T04:27:15.194Z
757,	42.82783,	-2.76153,	2018-10-10T04:28:33.194Z
758,	42.79736,	-2.81971,	2018-10-10T04:31:41.194Z
759,	42.78761,	-2.8234,	2018-10-10T04:32:17.194Z
760,	42.77228,	-2.82326,	2018-10-10T04:33:11.194Z
761,	42.76517,	-2.82239,	2018-10-10T04:33:36.194Z
762,	42.75246,	-2.83407,	2018-10-10T04:34:34.194Z
763,	42.74799,	-2.8466,	2018-10-10T04:35:10.194Z
764,	42.74345,	-2.86059,	2018-10-10T04:35:50.194Z
765,	42.72149,	-2.86668,	2018-10-10T04:37:46.194Z
766,	42.7076,	-2.87453,	2018-10-10T04:38:46.194Z
767,	42.70706,	-2.88308,	2018-10-10T04:39:09.194Z
768,	42.70666,	-2.90056,	2018-10-10T04:39:56.194Z
769,	42.70383,	-2.91507,	2018-10-10T04:40:35.194Z
770,	42.70509,	-2.94135,	2018-10-10T04:41:44.194Z
771,	42.70481,	-2.95179,	2018-10-10T04:42:11.194Z
772,	42.70432,	-2.95792,	2018-10-10T04:42:27.194Z
773,	42.6941,	-2.98464,	2018-10-10T04:43:47.194Z
774,	42.68375,	-3.00543,	2018-10-10T04:44:53.194Z
775,	42.67324,	-3.02462,	2018-10-10T04:45:55.194Z
776,	42.66848,	-3.03132,	2018-10-10T04:46:20.194Z
777,	42.66182,	-3.03502,	2018-10-10T04:46:46.194Z
778,	42.65278,	-3.06392,	2018-10-10T04:48:09.194Z
779,	42.65083,	-3.07334,	2018-10-10T04:48:35.194Z
780,	42.6269,	-3.10979,	2018-10-10T04:51:16.194Z
781,	42.62364,	-3.14356,	2018-10-10T04:52:52.194Z
782,	42.62502,	-3.15085,	2018-10-10T04:53:12.194Z
783,	42.62307,	-3.1642,	2018-10-10T04:53:48.194Z
784,	42.62277,	-3.17167,	2018-10-10T04:54:07.194Z
785,	42.61586,	-3.19597,	2018-10-10T04:55:16.194Z
786,	42.61029,	-3.20451,	2018-10-10T04:55:46.194Z
787,	42.60102,	-3.22259,	2018-10-10T04:56:45.194Z
788,	42.59419,	-3.22896,	2018-10-10T04:57:14.194Z
789,	42.58777,	-3.23813,	2018-10-10T04:57:47.194Z
790,	42.5823,	-3.2479,	2018-10-10T04:58:19.194Z
791,	42.57818,	-3.25368,	2018-10-10T04:58:40.194Z
792,	42.57278,	-3.25934,	2018-10-10T04:59:04.194Z
793,	42.5537,	-3.28258,	2018-10-10T05:00:36.194Z
794,	42.53753,	-3.30715,	2018-10-10T05:02:04.194Z
795,	42.52491,	-3.33618,	2018-10-10T05:03:35.194Z
796,	42.51579,	-3.34339,	2018-10-10T05:04:12.194Z
797,	42.50851,	-3.34766,	2018-10-10T05:04:40.194Z
798,	42.4954,	-3.37064,	2018-10-10T05:05:59.194Z
799,	42.48532,	-3.39378,	2018-10-10T05:07:10.194Z
800,	42.47856,	-3.43121,	2018-10-10T05:08:52.194Z
801,	42.47198,	-3.44364,	2018-10-10T05:09:32.194Z
802,	42.45689,	-3.45485,	2018-10-10T05:10:34.194Z
803,	42.4433,	-3.48957,	2018-10-10T05:12:21.194Z
804,	42.43699,	-3.49756,	2018-10-10T05:12:51.194Z
805,	42.42581,	-3.5068,	2018-10-10T05:13:40.194Z
806,	42.40586,	-3.54253,	2018-10-10T05:15:40.194Z
807,	42.40405,	-3.55302,	2018-10-10T05:16:08.194Z
808,	42.39069,	-3.57684,	2018-10-10T05:17:28.194Z
809,	42.38114,	-3.583,	2018-10-10T05:18:07.194Z
810,	42.3752,	-3.58712,	2018-10-10T05:18:31.194Z
811,	42.36326,	-3.59206,	2018-10-10T05:19:16.194Z
812,	42.35408,	-3.60214,	2018-10-10T05:19:58.194Z
813,	42.34846,	-3.60369,	2018-10-10T05:20:18.194Z
814,	42.34086,	-3.60896,	2018-10-10T05:20:49.194Z
815,	42.33072,	-3.63953,	2018-10-10T05:22:18.194Z
816,	42.32823,	-3.65493,	2018-10-10T05:23:00.194Z
817,	42.3257,	-3.66924,	2018-10-10T05:23:41.194Z
818,	42.32383,	-3.68855,	2018-10-10T05:24:34.194Z
819,	42.30863,	-3.72577,	2018-10-10T05:26:52.194Z
820,	42.30661,	-3.73667,	2018-10-10T05:27:22.194Z
821,	42.30459,	-3.77346,	2018-10-10T05:29:00.194Z
822,	42.3074,	-3.79621,	2018-10-10T05:30:00.194Z
823,	42.30913,	-3.80915,	2018-10-10T05:30:35.194Z
824,	42.29131,	-3.85214,	2018-10-10T05:33:02.194Z
825,	42.28651,	-3.86175,	2018-10-10T05:33:33.194Z
826,	42.28128,	-3.87448,	2018-10-10T05:34:11.194Z
827,	42.27855,	-3.88739,	2018-10-10T05:34:46.194Z
828,	42.2734,	-3.90066,	2018-10-10T05:35:26.194Z
829,	42.27215,	-3.9078,	2018-10-10T05:35:46.194Z
830,	42.26971,	-3.91536,	2018-10-10T05:36:07.194Z
831,	42.26673,	-3.92493,	2018-10-10T05:36:35.194Z
832,	42.26295,	-3.93976,	2018-10-10T05:37:17.194Z
833,	42.2592,	-3.94408,	2018-10-10T05:37:34.194Z
834,	42.25411,	-3.95157,	2018-10-10T05:38:01.194Z
835,	42.24863,	-3.96132,	2018-10-10T05:38:33.194Z
836,	42.23853,	-3.97783,	2018-10-10T05:39:29.194Z
837,	42.22516,	-3.99855,	2018-10-10T05:40:41.194Z
838,	42.22104,	-4.00406,	2018-10-10T05:41:02.194Z
839,	42.2128,	-4.00744,	2018-10-10T05:41:33.194Z
840,	42.20518,	-4.01599,	2018-10-10T05:42:08.194Z
841,	42.20076,	-4.02123,	2018-10-10T05:42:29.194Z
842,	42.18274,	-4.04549,	2018-10-10T05:43:59.194Z
843,	42.17674,	-4.05679,	2018-10-10T05:44:36.194Z
844,	42.16672,	-4.07364,	2018-10-10T05:45:34.194Z
845,	42.14973,	-4.09445,	2018-10-10T05:46:58.194Z
846,	42.13029,	-4.12762,	2018-10-10T05:48:51.194Z
847,	42.12426,	-4.14125,	2018-10-10T05:49:33.194Z
848,	42.11508,	-4.16296,	2018-10-10T05:50:39.194Z
849,	42.11017,	-4.17182,	2018-10-10T05:51:09.194Z
850,	42.10135,	-4.19427,	2018-10-10T05:52:16.194Z
851,	42.09429,	-4.2066,	2018-10-10T05:52:58.194Z
852,	42.06899,	-4.22124,	2018-10-10T05:54:41.194Z
853,	42.05428,	-4.24442,	2018-10-10T05:56:02.194Z
854,	42.03939,	-4.27394,	2018-10-10T05:57:39.194Z
855,	42.03232,	-4.29703,	2018-10-10T05:58:45.194Z
856,	42.01844,	-4.3407,	2018-10-10T06:00:55.194Z
857,	42.01484,	-4.34753,	2018-10-10T06:01:17.194Z
858,	42.01055,	-4.35576,	2018-10-10T06:01:44.194Z
859,	42.0058,	-4.36513,	2018-10-10T06:02:13.194Z
860,	41.99634,	-4.38988,	2018-10-10T06:03:27.194Z
861,	41.99179,	-4.40261,	2018-10-10T06:04:04.194Z
862,	41.98814,	-4.42361,	2018-10-10T06:05:02.194Z
863,	41.96238,	-4.45748,	2018-10-10T06:07:16.194Z
864,	41.94844,	-4.46952,	2018-10-10T06:08:18.194Z
865,	41.9436,	-4.48167,	2018-10-10T06:08:55.194Z
866,	41.9395,	-4.48936,	2018-10-10T06:09:20.194Z
867,	41.92585,	-4.50102,	2018-10-10T06:10:20.194Z
868,	41.89125,	-4.52599,	2018-10-10T06:12:42.194Z
869,	41.87439,	-4.54083,	2018-10-10T06:13:56.194Z
870,	41.85859,	-4.54944,	2018-10-10T06:14:57.194Z
871,	41.84371,	-4.56265,	2018-10-10T06:16:03.194Z
872,	41.83763,	-4.56708,	2018-10-10T06:16:27.194Z
873,	41.82035,	-4.57887,	2018-10-10T06:17:36.194Z
874,	41.81189,	-4.5824,	2018-10-10T06:18:07.194Z
875,	41.78889,	-4.60694,	2018-10-10T06:19:53.194Z
876,	41.78433,	-4.61123,	2018-10-10T06:20:13.194Z
877,	41.7797,	-4.61501,	2018-10-10T06:20:32.194Z
878,	41.7639,	-4.62852,	2018-10-10T06:21:38.194Z
879,	41.74977,	-4.6482,	2018-10-10T06:22:52.194Z
880,	41.7464,	-4.65473,	2018-10-10T06:23:13.194Z
881,	41.72351,	-4.69004,	2018-10-10T06:25:17.194Z
882,	41.71695,	-4.69729,	2018-10-10T06:25:47.194Z
883,	41.69551,	-4.72103,	2018-10-10T06:27:27.194Z
884,	41.66733,	-4.76131,	2018-10-10T06:30:12.194Z
885,	41.65428,	-4.76486,	2018-10-10T06:31:01.194Z
886,	41.62762,	-4.78347,	2018-10-10T06:32:51.194Z
887,	41.61318,	-4.79466,	2018-10-10T06:33:52.194Z
888,	41.60773,	-4.80571,	2018-10-10T06:34:28.194Z
889,	41.6019,	-4.81462,	2018-10-10T06:34:59.194Z
890,	41.57629,	-4.84713,	2018-10-10T06:37:06.194Z
891,	41.56721,	-4.85886,	2018-10-10T06:37:51.194Z
892,	41.54858,	-4.88421,	2018-10-10T06:39:25.194Z
893,	41.54353,	-4.89073,	2018-10-10T06:39:50.194Z
894,	41.53245,	-4.90504,	2018-10-10T06:40:45.194Z
895,	41.52855,	-4.91338,	2018-10-10T06:41:11.194Z
896,	41.52365,	-4.92556,	2018-10-10T06:41:48.194Z
897,	41.5205,	-4.93347,	2018-10-10T06:42:12.194Z
898,	41.50954,	-4.96144,	2018-10-10T06:43:36.194Z
899,	41.51042,	-4.99119,	2018-10-10T06:45:01.194Z
900,	41.48591,	-5.03245,	2018-10-10T06:48:08.194Z
901,	41.4761,	-5.05198,	2018-10-10T06:49:10.194Z
902,	41.4672,	-5.06668,	2018-10-10T06:50:01.194Z
903,	41.45471,	-5.08457,	2018-10-10T06:51:06.194Z
904,	41.43584,	-5.09662,	2018-10-10T06:52:21.194Z
905,	41.42572,	-5.11086,	2018-10-10T06:53:13.194Z
906,	41.41645,	-5.12437,	2018-10-10T06:54:02.194Z
907,	41.39927,	-5.14064,	2018-10-10T06:55:17.194Z
908,	41.38974,	-5.14579,	2018-10-10T06:55:54.194Z
909,	41.37908,	-5.15483,	2018-10-10T06:56:38.194Z
910,	41.36375,	-5.16667,	2018-10-10T06:57:41.194Z
911,	41.34907,	-5.1728,	2018-10-10T06:58:36.194Z
912,	41.33807,	-5.18752,	2018-10-10T06:59:32.194Z
913,	41.33231,	-5.19152,	2018-10-10T06:59:55.194Z
914,	41.32337,	-5.19943,	2018-10-10T07:00:33.194Z
915,	41.31695,	-5.21748,	2018-10-10T07:01:27.194Z
916,	41.31028,	-5.22539,	2018-10-10T07:01:59.194Z
917,	41.30103,	-5.23036,	2018-10-10T07:02:34.194Z
918,	41.26343,	-5.26984,	2018-10-10T07:05:25.194Z
919,	41.25945,	-5.27406,	2018-10-10T07:05:43.194Z
920,	41.25285,	-5.28741,	2018-10-10T07:06:26.194Z
921,	41.2471,	-5.29434,	2018-10-10T07:06:54.194Z
922,	41.22884,	-5.31521,	2018-10-10T07:08:20.194Z
923,	41.22233,	-5.31839,	2018-10-10T07:08:44.194Z
924,	41.19905,	-5.34218,	2018-10-10T07:10:32.194Z
925,	41.19614,	-5.34735,	2018-10-10T07:10:50.194Z
926,	41.18036,	-5.36663,	2018-10-10T07:12:06.194Z
927,	41.16589,	-5.39498,	2018-10-10T07:13:42.194Z
928,	41.16311,	-5.42567,	2018-10-10T07:15:06.194Z
929,	41.16241,	-5.43803,	2018-10-10T07:15:39.194Z
930,	41.15966,	-5.44712,	2018-10-10T07:16:05.194Z
931,	41.1544,	-5.45526,	2018-10-10T07:16:34.194Z
932,	41.1469,	-5.47151,	2018-10-10T07:17:25.194Z
933,	41.14106,	-5.48322,	2018-10-10T07:18:03.194Z
934,	41.11018,	-5.49083,	2018-10-10T07:19:57.194Z
935,	41.10129,	-5.49768,	2018-10-10T07:20:34.194Z
936,	41.0965,	-5.50134,	2018-10-10T07:20:53.194Z
937,	41.07617,	-5.51159,	2018-10-10T07:22:12.194Z
938,	41.07036,	-5.52855,	2018-10-10T07:23:02.194Z
939,	41.06481,	-5.53663,	2018-10-10T07:23:32.194Z
940,	41.04178,	-5.55997,	2018-10-10T07:25:15.194Z
941,	41.0357,	-5.56456,	2018-10-10T07:25:40.194Z
942,	41.01385,	-5.58666,	2018-10-10T07:27:18.194Z
943,	41.00504,	-5.60593,	2018-10-10T07:28:19.194Z
944,	41.00296,	-5.61185,	2018-10-10T07:28:37.194Z
945,	41.0007,	-5.62229,	2018-10-10T07:29:06.194Z
946,	41.0004,	-5.65606,	2018-10-10T07:30:37.194Z
947,	40.99762,	-5.67137,	2018-10-10T07:31:19.194Z
948,	40.96662,	-5.69944,	2018-10-10T07:33:35.194Z
949,	40.95585,	-5.73027,	2018-10-10T07:35:19.194Z
950,	40.94823,	-5.75918,	2018-10-10T07:36:44.194Z
951,	40.93585,	-5.78284,	2018-10-10T07:38:05.194Z
952,	40.93613,	-5.79323,	2018-10-10T07:38:33.194Z
953,	40.93295,	-5.80668,	2018-10-10T07:39:10.194Z
954,	40.92216,	-5.84275,	2018-10-10T07:40:55.194Z
955,	40.91744,	-5.856,	2018-10-10T07:41:34.194Z
956,	40.90996,	-5.86772,	2018-10-10T07:42:15.194Z
957,	40.90673,	-5.88098,	2018-10-10T07:42:54.194Z
958,	40.90642,	-5.88715,	2018-10-10T07:43:10.194Z
959,	40.90037,	-5.90769,	2018-10-10T07:44:09.194Z
960,	40.88947,	-5.94294,	2018-10-10T07:45:52.194Z
961,	40.88255,	-5.96527,	2018-10-10T07:46:56.194Z
962,	40.87884,	-5.97415,	2018-10-10T07:47:24.194Z
963,	40.87383,	-5.9851,	2018-10-10T07:47:58.194Z
964,	40.86776,	-6.00217,	2018-10-10T07:48:49.194Z
965,	40.86029,	-6.02315,	2018-10-10T07:49:51.194Z
966,	40.85271,	-6.04379,	2018-10-10T07:50:53.194Z
967,	40.84773,	-6.05338,	2018-10-10T07:51:25.194Z
968,	40.84527,	-6.06608,	2018-10-10T07:52:00.194Z
969,	40.83361,	-6.09541,	2018-10-10T07:53:29.194Z
970,	40.82342,	-6.11373,	2018-10-10T07:54:30.194Z
971,	40.81195,	-6.14016,	2018-10-10T07:55:52.194Z
972,	40.80897,	-6.15216,	2018-10-10T07:56:27.194Z
973,	40.80739,	-6.18183,	2018-10-10T07:57:47.194Z
974,	40.79544,	-6.21286,	2018-10-10T07:59:23.194Z
975,	40.7893,	-6.23391,	2018-10-10T08:00:24.194Z
976,	40.78551,	-6.24395,	2018-10-10T08:00:54.194Z
977,	40.78119,	-6.25953,	2018-10-10T08:01:39.194Z
978,	40.77905,	-6.26911,	2018-10-10T08:02:06.194Z
979,	40.77412,	-6.28008,	2018-10-10T08:02:40.194Z
980,	40.75023,	-6.33436,	2018-10-10T08:05:31.194Z
981,	40.74642,	-6.34478,	2018-10-10T08:06:03.194Z
982,	40.7441,	-6.35005,	2018-10-10T08:06:19.194Z
983,	40.71767,	-6.38654,	2018-10-10T08:08:35.194Z
984,	40.70918,	-6.3918,	2018-10-10T08:09:08.194Z
985,	40.69908,	-6.4073,	2018-10-10T08:10:08.194Z
986,	40.69434,	-6.41738,	2018-10-10T08:10:40.194Z
987,	40.68262,	-6.42687,	2018-10-10T08:11:29.194Z
988,	40.67191,	-6.43093,	2018-10-10T08:12:09.194Z
989,	40.65584,	-6.44518,	2018-10-10T08:13:18.194Z
990,	40.6529,	-6.45462,	2018-10-10T08:13:46.194Z
991,	40.64415,	-6.46941,	2018-10-10T08:14:37.194Z
992,	40.63915,	-6.47736,	2018-10-10T08:15:05.194Z
993,	40.62461,	-6.50136,	2018-10-10T08:16:32.194Z
994,	40.61806,	-6.51195,	2018-10-10T08:17:10.194Z
995,	40.60441,	-6.51315,	2018-10-10T08:17:59.194Z
996,	40.59747,	-6.51547,	2018-10-10T08:18:25.194Z
997,	40.5784,	-6.56043,	2018-10-10T08:20:46.194Z
998,	40.57776,	-6.56825,	2018-10-10T08:21:07.194Z
999,	40.58104,	-6.58242,	2018-10-10T08:21:47.194Z
1000,	40.58351,	-6.59303,	2018-10-10T08:22:17.194Z
1001,	40.58734,	-6.6039,	2018-10-10T08:22:50.194Z
1002,	40.59364,	-6.61442,	2018-10-10T08:23:27.194Z
1003,	40.59495,	-6.6306,	2018-10-10T08:24:11.194Z
1004,	40.59342,	-6.64524,	2018-10-10T08:24:51.194Z
1005,	40.59311,	-6.69594,	2018-10-10T08:27:10.194Z
1006,	40.59032,	-6.70912,	2018-10-10T08:27:47.194Z
1007,	40.58813,	-6.7433,	2018-10-10T08:29:20.194Z
1008,	40.58754,	-6.76995,	2018-10-10T08:30:32.194Z
1009,	40.59352,	-6.7922,	2018-10-10T08:31:52.194Z
1010,	40.59416,	-6.80119,	2018-10-10T08:32:21.194Z
1011,	40.61093,	-6.81622,	2018-10-10T08:33:52.194Z
1012,	40.61873,	-6.83842,	2018-10-10T08:35:12.194Z
1013,	40.61875,	-6.84718,	2018-10-10T08:35:40.194Z
1014,	40.61631,	-6.87072,	2018-10-10T08:36:44.194Z
1015,	40.61549,	-6.87878,	2018-10-10T08:37:06.194Z
1016,	40.61297,	-6.89174,	2018-10-10T08:37:43.194Z
1017,	40.61164,	-6.91457,	2018-10-10T08:38:46.194Z
1018,	40.61013,	-6.92373,	2018-10-10T08:39:11.194Z
1019,	40.60445,	-6.94918,	2018-10-10T08:40:24.194Z
1020,	40.60427,	-6.96642,	2018-10-10T08:41:11.194Z
1021,	40.60685,	-6.97851,	2018-10-10T08:41:45.194Z
1022,	40.60792,	-6.98579,	2018-10-10T08:42:05.194Z
1023,	40.6093,	-6.99518,	2018-10-10T08:42:30.194Z
1024,	40.60462,	-7.02831,	2018-10-10T08:44:06.194Z
1025,	40.60474,	-7.06394,	2018-10-10T08:45:43.194Z
1026,	40.60243,	-7.10624,	2018-10-10T08:47:40.194Z
1027,	40.5945,	-7.13693,	2018-10-10T08:49:12.194Z
1028,	40.58663,	-7.14974,	2018-10-10T08:49:57.194Z
1029,	40.57669,	-7.18939,	2018-10-10T08:51:52.194Z
1030,	40.57259,	-7.20891,	2018-10-10T08:52:47.194Z
1031,	40.54753,	-7.21614,	2018-10-10T08:54:28.194Z
1032,	40.52903,	-7.22042,	2018-10-10T08:55:36.194Z
1033,	40.47924,	-7.2561,	2018-10-10T08:59:00.194Z
1034,	40.449,	-7.26611,	2018-10-10T09:01:06.194Z
1035,	40.43067,	-7.28061,	2018-10-10T09:02:28.194Z
1036,	40.41324,	-7.2884,	2018-10-10T09:03:34.194Z
1037,	40.40297,	-7.29302,	2018-10-10T09:04:13.194Z
1038,	40.38212,	-7.31001,	2018-10-10T09:05:45.194Z
1039,	40.35387,	-7.32408,	2018-10-10T09:07:32.194Z
1040,	40.34894,	-7.32498,	2018-10-10T09:07:50.194Z
1041,	40.33941,	-7.33542,	2018-10-10T09:08:36.194Z
1042,	40.32235,	-7.36801,	2018-10-10T09:10:24.194Z
1043,	40.30793,	-7.38319,	2018-10-10T09:11:36.194Z
1044,	40.29179,	-7.39153,	2018-10-10T09:12:45.194Z
1045,	40.2699,	-7.42289,	2018-10-10T09:14:42.194Z
1046,	40.26524,	-7.43507,	2018-10-10T09:15:19.194Z
1047,	40.24977,	-7.45427,	2018-10-10T09:16:34.194Z
1048,	40.24466,	-7.46683,	2018-10-10T09:17:13.194Z
1049,	40.24175,	-7.47839,	2018-10-10T09:17:47.194Z
1050,	40.2157,	-7.49181,	2018-10-10T09:19:29.194Z
1051,	40.19567,	-7.49087,	2018-10-10T09:20:45.194Z
1052,	40.17929,	-7.48058,	2018-10-10T09:21:52.194Z
1053,	40.16156,	-7.48576,	2018-10-10T09:22:57.194Z
1054,	40.15231,	-7.48344,	2018-10-10T09:23:31.194Z
1055,	40.14732,	-7.4806,	2018-10-10T09:23:50.194Z
1056,	40.12951,	-7.47985,	2018-10-10T09:24:54.194Z
1057,	40.11135,	-7.47292,	2018-10-10T09:26:02.194Z
1058,	40.08036,	-7.47192,	2018-10-10T09:28:20.194Z
1059,	40.05306,	-7.47623,	2018-10-10T09:30:32.194Z
1060,	40.03711,	-7.46925,	2018-10-10T09:31:44.194Z
1061,	40.01726,	-7.4665,	2018-10-10T09:33:04.194Z
1062,	39.99779,	-7.46246,	2018-10-10T09:34:15.194Z
1063,	39.99029,	-7.46089,	2018-10-10T09:34:42.194Z
1064,	39.97152,	-7.45871,	2018-10-10T09:35:48.194Z
1065,	39.9215,	-7.47596,	2018-10-10T09:39:01.194Z
1066,	39.89894,	-7.48458,	2018-10-10T09:40:26.194Z
1067,	39.89176,	-7.48656,	2018-10-10T09:40:52.194Z
1068,	39.87829,	-7.48988,	2018-10-10T09:41:41.194Z
1069,	39.85581,	-7.50095,	2018-10-10T09:43:06.194Z
1070,	39.83554,	-7.52564,	2018-10-10T09:44:49.194Z
1071,	39.81557,	-7.54784,	2018-10-10T09:46:22.194Z
1072,	39.81162,	-7.55153,	2018-10-10T09:46:39.194Z
1073,	39.80371,	-7.55729,	2018-10-10T09:47:11.194Z
1074,	39.78908,	-7.5667,	2018-10-10T09:48:09.194Z
1075,	39.78169,	-7.5778,	2018-10-10T09:48:50.194Z
1076,	39.7621,	-7.6014,	2018-10-10T09:50:25.194Z
1077,	39.75325,	-7.62474,	2018-10-10T09:51:38.194Z
1078,	39.74244,	-7.63785,	2018-10-10T09:52:30.194Z
1079,	39.73976,	-7.64463,	2018-10-10T09:52:51.194Z
1080,	39.73352,	-7.66311,	2018-10-10T09:53:46.194Z
1081,	39.71841,	-7.68936,	2018-10-10T09:55:23.194Z
1082,	39.71152,	-7.69258,	2018-10-10T09:55:49.194Z
1083,	39.70369,	-7.69564,	2018-10-10T09:56:18.194Z
1084,	39.6902,	-7.71474,	2018-10-10T09:57:47.194Z
1085,	39.67771,	-7.71856,	2018-10-10T09:58:35.194Z
1086,	39.67553,	-7.72688,	2018-10-10T09:58:59.194Z
1087,	39.6483,	-7.74311,	2018-10-10T10:00:54.194Z
1088,	39.63557,	-7.74766,	2018-10-10T10:01:41.194Z
1089,	39.62067,	-7.75559,	2018-10-10T21:02:42.194Z
1090,	39.59652,	-7.76721,	2018-10-10T21:04:14.194Z
1091,	39.58075,	-7.7788,	2018-10-10T21:05:21.194Z
1092,	39.56298,	-7.79782,	2018-10-10T21:06:47.194Z
1093,	39.54931,	-7.81872,	2018-10-10T21:08:07.194Z
1094,	39.5508,	-7.83602,	2018-10-10T21:08:55.194Z
1095,	39.54733,	-7.85489,	2018-10-10T21:09:49.194Z
1096,	39.53996,	-7.89032,	2018-10-10T21:11:35.194Z
1097,	39.53607,	-7.92492,	2018-10-10T21:13:20.194Z
1098,	39.53283,	-7.93983,	2018-10-10T21:14:03.194Z
1099,	39.52971,	-7.95178,	2018-10-10T21:14:38.194Z
1100,	39.52545,	-7.97037,	2018-10-10T21:15:32.194Z
1101,	39.51937,	-7.99583,	2018-10-10T21:16:47.194Z
1102,	39.51735,	-8.00761,	2018-10-10T21:17:21.194Z
1103,	39.49684,	-8.04515,	2018-10-10T21:19:29.194Z
1104,	39.49276,	-8.0589,	2018-10-10T21:20:10.194Z
1105,	39.49594,	-8.0787,	2018-10-10T21:21:07.194Z
1106,	39.49615,	-8.09007,	2018-10-10T21:21:38.194Z
1107,	39.49261,	-8.10277,	2018-10-10T21:22:15.194Z
1108,	39.48855,	-8.11901,	2018-10-10T21:23:06.194Z
1109,	39.48583,	-8.12918,	2018-10-10T21:23:38.194Z
1110,	39.48568,	-8.1465,	2018-10-10T21:24:26.194Z
1111,	39.48628,	-8.15298,	2018-10-10T21:24:44.194Z
1112,	39.48578,	-8.16761,	2018-10-10T21:25:25.194Z
1113,	39.4915,	-8.20905,	2018-10-10T21:27:32.194Z
1114,	39.48626,	-8.27201,	2018-10-10T21:30:44.194Z
1115,	39.4879,	-8.28635,	2018-10-10T21:31:24.194Z
1116,	39.49215,	-8.30079,	2018-10-10T21:32:07.194Z
1117,	39.48789,	-8.31795,	2018-10-10T21:32:57.194Z
1118,	39.48594,	-8.32334,	2018-10-10T21:33:13.194Z
1119,	39.48537,	-8.366,	2018-10-10T21:35:15.194Z
1120,	39.48664,	-8.38571,	2018-10-10T21:36:11.194Z
1121,	39.48661,	-8.4027,	2018-10-10T21:36:57.194Z
1122,	39.48852,	-8.42429,	2018-10-10T21:37:59.194Z
1123,	39.48998,	-8.43189,	2018-10-10T21:38:20.194Z
1124,	39.48949,	-8.4427,	2018-10-10T21:38:51.194Z
1125,	39.48222,	-8.47765,	2018-10-10T21:40:35.194Z
1126,	39.47111,	-8.49611,	2018-10-10T21:41:40.194Z
1127,	39.4692,	-8.51353,	2018-10-10T21:42:29.194Z
1128,	39.46684,	-8.52379,	2018-10-10T21:42:59.194Z
1129,	39.46453,	-8.54864,	2018-10-10T21:44:09.194Z
1130,	39.46789,	-8.56384,	2018-10-10T21:44:53.194Z
1131,	39.47091,	-8.57342,	2018-10-10T21:45:21.194Z
1132,	39.47242,	-8.58083,	2018-10-10T21:45:43.194Z
1133,	39.47144,	-8.59146,	2018-10-10T21:46:12.194Z
1134,	39.4759,	-8.60462,	2018-10-10T21:46:52.194Z
1135,	39.47975,	-8.6178,	2018-10-10T21:47:31.194Z
1136,	39.46526,	-8.62948,	2018-10-10T21:49:11.194Z
1137,	39.43212,	-8.62804,	2018-10-10T21:51:10.194Z
1138,	39.418,	-8.63303,	2018-10-10T21:52:02.194Z
1139,	39.39575,	-8.63956,	2018-10-10T21:53:23.194Z
1140,	39.35479,	-8.64138,	2018-10-10T21:56:06.194Z
1141,	39.30763,	-8.67657,	2018-10-10T21:59:23.194Z
1142,	39.29855,	-8.68422,	2018-10-10T22:00:02.194Z
1143,	39.28668,	-8.69101,	2018-10-10T22:00:48.194Z
1144,	39.2765,	-8.70502,	2018-10-10T22:01:44.194Z
1145,	39.27318,	-8.71331,	2018-10-10T22:02:10.194Z
1146,	39.26612,	-8.72726,	2018-10-10T22:02:56.194Z
1147,	39.24839,	-8.74047,	2018-10-10T22:04:09.194Z
1148,	39.24136,	-8.7473,	2018-10-10T22:04:41.194Z
1149,	39.22405,	-8.76951,	2018-10-10T22:06:13.194Z
1150,	39.20936,	-8.78263,	2018-10-10T22:07:17.194Z
1151,	39.19945,	-8.80313,	2018-10-10T22:08:24.194Z
1152,	39.1977,	-8.80874,	2018-10-10T22:08:40.194Z
1153,	39.15828,	-8.86584,	2018-10-10T22:12:12.194Z
1154,	39.15096,	-8.87842,	2018-10-10T22:12:56.194Z
1155,	39.12597,	-8.90458,	2018-10-10T22:14:51.194Z
1156,	39.11794,	-8.91547,	2018-10-10T22:15:32.194Z
1157,	39.11396,	-8.92386,	2018-10-10T22:15:59.194Z
1158,	39.10812,	-8.93349,	2018-10-10T22:16:34.194Z
1159,	39.06453,	-8.93996,	2018-10-10T22:19:17.194Z
1160,	39.05026,	-8.94585,	2018-10-10T22:20:11.194Z
1161,	39.03743,	-8.95718,	2018-10-10T22:21:06.194Z
1162,	38.98867,	-8.97051,	2018-10-10T22:24:04.194Z
1163,	38.98302,	-8.9732,	2018-10-10T22:24:26.194Z
1164,	38.97576,	-8.97736,	2018-10-10T22:24:54.194Z
1165,	38.9524,	-8.99344,	2018-10-10T22:26:30.194Z
1166,	38.94474,	-8.99667,	2018-10-10T22:26:59.194Z
1167,	38.9338,	-9.00634,	2018-10-10T22:27:47.194Z
1168,	38.92313,	-9.01438,	2018-10-10T22:28:31.194Z
1169,	38.9197,	-9.01849,	2018-10-10T22:28:48.194Z
1170,	38.91279,	-9.02855,	2018-10-10T22:29:25.194Z
1171,	38.90667,	-9.03783,	2018-10-10T22:29:58.194Z
1172,	38.90314,	-9.04265,	2018-10-10T22:30:16.194Z
1173,	38.8758,	-9.06605,	2018-10-10T22:32:14.194Z
1174,	38.86784,	-9.07439,	2018-10-10T22:32:51.194Z
1175,	38.85896,	-9.08254,	2018-10-10T22:33:31.194Z
1176,	38.85398,	-9.08509,	2018-10-10T22:33:50.194Z
1177,	38.83213,	-9.09691,	2018-10-10T22:35:15.194Z
1178,	38.8233,	-9.09922,	2018-10-10T22:35:47.194Z
1179,	38.81057,	-9.10285,	2018-10-10T22:36:33.194Z
1180,	38.80634,	-9.10494,	2018-10-10T22:36:49.194Z
